Date	Market Return	Day of Week	Year	Month	D(Jan)	D(Feb)	D(Mar)	D(Apr)	D(May)	D(Jun)	D(Jul)	D(Aug)	D(Sep)	D(Oct)	D(Nov)	D(Dec)
20100104	0.017121	Monday	2010	1	1	0	0	0	0	0	0	0	0	0	0	0
20100105	0.003368	Tuesday	2010	1	1	0	0	0	0	0	0	0	0	0	0	0
20100106	0.002052	Wednesday	2010	1	1	0	0	0	0	0	0	0	0	0	0	0
20100107	0.002854	Thursday	2010	1	1	0	0	0	0	0	0	0	0	0	0	0
20100108	0.004162	Friday	2010	1	1	0	0	0	0	0	0	0	0	0	0	0
20100111	0.001122	Monday	2010	1	1	0	0	0	0	0	0	0	0	0	0	0
20100112	-0.010991	Tuesday	2010	1	1	0	0	0	0	0	0	0	0	0	0	0
20100113	0.008639	Wednesday	2010	1	1	0	0	0	0	0	0	0	0	0	0	0
20100114	0.00232	Thursday	2010	1	1	0	0	0	0	0	0	0	0	0	0	0
20100115	-0.011321	Friday	2010	1	1	0	0	0	0	0	0	0	0	0	0	0
20100119	0.012053	Tuesday	2010	1	1	0	0	0	0	0	0	0	0	0	0	0
20100120	-0.011062	Wednesday	2010	1	1	0	0	0	0	0	0	0	0	0	0	0
20100121	-0.017736	Thursday	2010	1	1	0	0	0	0	0	0	0	0	0	0	0
20100122	-0.020991	Friday	2010	1	1	0	0	0	0	0	0	0	0	0	0	0
20100125	0.003893	Monday	2010	1	1	0	0	0	0	0	0	0	0	0	0	0
20100126	-0.004906	Tuesday	2010	1	1	0	0	0	0	0	0	0	0	0	0	0
20100127	0.004153	Wednesday	2010	1	1	0	0	0	0	0	0	0	0	0	0	0
20100128	-0.011295	Thursday	2010	1	1	0	0	0	0	0	0	0	0	0	0	0
20100129	-0.010283	Friday	2010	1	1	0	0	0	0	0	0	0	0	0	0	0
20100201	0.015088	Monday	2010	2	0	1	0	0	0	0	0	0	0	0	0	0
20100202	0.012228	Tuesday	2010	2	0	1	0	0	0	0	0	0	0	0	0	0
20100203	-0.004967	Wednesday	2010	2	0	1	0	0	0	0	0	0	0	0	0	0
20100204	-0.031958	Thursday	2010	2	0	1	0	0	0	0	0	0	0	0	0	0
20100205	0.002662	Friday	2010	2	0	1	0	0	0	0	0	0	0	0	0	0
20100208	-0.00823	Monday	2010	2	0	1	0	0	0	0	0	0	0	0	0	0
20100209	0.013882	Tuesday	2010	2	0	1	0	0	0	0	0	0	0	0	0	0
20100210	-0.001473	Wednesday	2010	2	0	1	0	0	0	0	0	0	0	0	0	0
20100211	0.012092	Thursday	2010	2	0	1	0	0	0	0	0	0	0	0	0	0
20100212	-0.000656	Friday	2010	2	0	1	0	0	0	0	0	0	0	0	0	0
20100216	0.017967	Tuesday	2010	2	0	1	0	0	0	0	0	0	0	0	0	0
20100217	0.00466	Wednesday	2010	2	0	1	0	0	0	0	0	0	0	0	0	0
20100218	0.006188	Thursday	2010	2	0	1	0	0	0	0	0	0	0	0	0	0
20100219	0.002455	Friday	2010	2	0	1	0	0	0	0	0	0	0	0	0	0
20100222	-0.001113	Monday	2010	2	0	1	0	0	0	0	0	0	0	0	0	0
20100223	-0.013062	Tuesday	2010	2	0	1	0	0	0	0	0	0	0	0	0	0
20100224	0.008521	Wednesday	2010	2	0	1	0	0	0	0	0	0	0	0	0	0
20100225	-0.000715	Thursday	2010	2	0	1	0	0	0	0	0	0	0	0	0	0
20100226	0.00185	Friday	2010	2	0	1	0	0	0	0	0	0	0	0	0	0
20100301	0.011973	Monday	2010	3	0	0	1	0	0	0	0	0	0	0	0	0
20100302	0.004407	Tuesday	2010	3	0	0	1	0	0	0	0	0	0	0	0	0
20100303	0.001601	Wednesday	2010	3	0	0	1	0	0	0	0	0	0	0	0	0
20100304	0.003093	Thursday	2010	3	0	0	1	0	0	0	0	0	0	0	0	0
20100305	0.014478	Friday	2010	3	0	0	1	0	0	0	0	0	0	0	0	0
20100308	0.000734	Monday	2010	3	0	0	1	0	0	0	0	0	0	0	0	0
20100309	0.001687	Tuesday	2010	3	0	0	1	0	0	0	0	0	0	0	0	0
20100310	0.005053	Wednesday	2010	3	0	0	1	0	0	0	0	0	0	0	0	0
20100311	0.003972	Thursday	2010	3	0	0	1	0	0	0	0	0	0	0	0	0
20100312	0.000743	Friday	2010	3	0	0	1	0	0	0	0	0	0	0	0	0
20100315	-0.000682	Monday	2010	3	0	0	1	0	0	0	0	0	0	0	0	0
20100316	0.008741	Tuesday	2010	3	0	0	1	0	0	0	0	0	0	0	0	0
20100317	0.005593	Wednesday	2010	3	0	0	1	0	0	0	0	0	0	0	0	0
20100318	-0.002025	Thursday	2010	3	0	0	1	0	0	0	0	0	0	0	0	0
20100319	-0.006885	Friday	2010	3	0	0	1	0	0	0	0	0	0	0	0	0
20100322	0.005856	Monday	2010	3	0	0	1	0	0	0	0	0	0	0	0	0
20100323	0.007662	Tuesday	2010	3	0	0	1	0	0	0	0	0	0	0	0	0
20100324	-0.006607	Wednesday	2010	3	0	0	1	0	0	0	0	0	0	0	0	0
20100325	-0.002434	Thursday	2010	3	0	0	1	0	0	0	0	0	0	0	0	0
20100326	0.000645	Friday	2010	3	0	0	1	0	0	0	0	0	0	0	0	0
20100329	0.006781	Monday	2010	3	0	0	1	0	0	0	0	0	0	0	0	0
20100330	0.000455	Tuesday	2010	3	0	0	1	0	0	0	0	0	0	0	0	0
20100331	-0.002771	Wednesday	2010	3	0	0	1	0	0	0	0	0	0	0	0	0
20100401	0.00864	Thursday	2010	4	0	0	0	1	0	0	0	0	0	0	0	0
20100405	0.009532	Monday	2010	4	0	0	0	1	0	0	0	0	0	0	0	0
20100406	0.002102	Tuesday	2010	4	0	0	0	1	0	0	0	0	0	0	0	0
20100407	-0.005359	Wednesday	2010	4	0	0	0	1	0	0	0	0	0	0	0	0
20100408	0.002843	Thursday	2010	4	0	0	0	1	0	0	0	0	0	0	0	0
20100409	0.006691	Friday	2010	4	0	0	0	1	0	0	0	0	0	0	0	0
20100412	0.001784	Monday	2010	4	0	0	0	1	0	0	0	0	0	0	0	0
20100413	0.000735	Tuesday	2010	4	0	0	0	1	0	0	0	0	0	0	0	0
20100414	0.012322	Wednesday	2010	4	0	0	0	1	0	0	0	0	0	0	0	0
20100415	0.000098	Thursday	2010	4	0	0	0	1	0	0	0	0	0	0	0	0
20100416	-0.016104	Friday	2010	4	0	0	0	1	0	0	0	0	0	0	0	0
20100419	0.002261	Monday	2010	4	0	0	0	1	0	0	0	0	0	0	0	0
20100420	0.009795	Tuesday	2010	4	0	0	0	1	0	0	0	0	0	0	0	0
20100421	-0.000546	Wednesday	2010	4	0	0	0	1	0	0	0	0	0	0	0	0
20100422	0.003573	Thursday	2010	4	0	0	0	1	0	0	0	0	0	0	0	0
20100423	0.007441	Friday	2010	4	0	0	0	1	0	0	0	0	0	0	0	0
20100426	-0.003211	Monday	2010	4	0	0	0	1	0	0	0	0	0	0	0	0
20100427	-0.023846	Tuesday	2010	4	0	0	0	1	0	0	0	0	0	0	0	0
20100428	0.005229	Wednesday	2010	4	0	0	0	1	0	0	0	0	0	0	0	0
20100429	0.013619	Thursday	2010	4	0	0	0	1	0	0	0	0	0	0	0	0
20100430	-0.016825	Friday	2010	4	0	0	0	1	0	0	0	0	0	0	0	0
20100503	0.012862	Monday	2010	5	0	0	0	0	1	0	0	0	0	0	0	0
20100504	-0.025348	Tuesday	2010	5	0	0	0	0	1	0	0	0	0	0	0	0
20100505	-0.009193	Wednesday	2010	5	0	0	0	0	1	0	0	0	0	0	0	0
20100506	-0.032545	Thursday	2010	5	0	0	0	0	1	0	0	0	0	0	0	0
20100507	-0.015838	Friday	2010	5	0	0	0	0	1	0	0	0	0	0	0	0
20100510	0.044896	Monday	2010	5	0	0	0	0	1	0	0	0	0	0	0	0
20100511	-0.000931	Tuesday	2010	5	0	0	0	0	1	0	0	0	0	0	0	0
20100512	0.016244	Wednesday	2010	5	0	0	0	0	1	0	0	0	0	0	0	0
20100513	-0.010841	Thursday	2010	5	0	0	0	0	1	0	0	0	0	0	0	0
20100514	-0.019385	Friday	2010	5	0	0	0	0	1	0	0	0	0	0	0	0
20100517	-0.000563	Monday	2010	5	0	0	0	0	1	0	0	0	0	0	0	0
20100518	-0.013635	Tuesday	2010	5	0	0	0	0	1	0	0	0	0	0	0	0
20100519	-0.007144	Wednesday	2010	5	0	0	0	0	1	0	0	0	0	0	0	0
20100520	-0.040349	Thursday	2010	5	0	0	0	0	1	0	0	0	0	0	0	0
20100521	0.015276	Friday	2010	5	0	0	0	0	1	0	0	0	0	0	0	0
20100524	-0.012031	Monday	2010	5	0	0	0	0	1	0	0	0	0	0	0	0
20100525	-0.000157	Tuesday	2010	5	0	0	0	0	1	0	0	0	0	0	0	0
20100526	-0.00287	Wednesday	2010	5	0	0	0	0	1	0	0	0	0	0	0	0
20100527	0.035092	Thursday	2010	5	0	0	0	0	1	0	0	0	0	0	0	0
20100528	-0.011746	Friday	2010	5	0	0	0	0	1	0	0	0	0	0	0	0
20100601	-0.018501	Tuesday	2010	6	0	0	0	0	0	1	0	0	0	0	0	0
20100602	0.026561	Wednesday	2010	6	0	0	0	0	0	1	0	0	0	0	0	0
20100603	0.004793	Thursday	2010	6	0	0	0	0	0	1	0	0	0	0	0	0
20100604	-0.035853	Friday	2010	6	0	0	0	0	0	1	0	0	0	0	0	0
20100607	-0.014002	Monday	2010	6	0	0	0	0	0	1	0	0	0	0	0	0
20100608	0.009217	Tuesday	2010	6	0	0	0	0	0	1	0	0	0	0	0	0
20100609	-0.003829	Wednesday	2010	6	0	0	0	0	0	1	0	0	0	0	0	0
20100610	0.029495	Thursday	2010	6	0	0	0	0	0	1	0	0	0	0	0	0
20100611	0.006185	Friday	2010	6	0	0	0	0	0	1	0	0	0	0	0	0
20100614	0.000012	Monday	2010	6	0	0	0	0	0	1	0	0	0	0	0	0
20100615	0.023846	Tuesday	2010	6	0	0	0	0	0	1	0	0	0	0	0	0
20100616	-0.001212	Wednesday	2010	6	0	0	0	0	0	1	0	0	0	0	0	0
20100617	0.000908	Thursday	2010	6	0	0	0	0	0	1	0	0	0	0	0	0
20100618	0.001705	Friday	2010	6	0	0	0	0	0	1	0	0	0	0	0	0
20100621	-0.004316	Monday	2010	6	0	0	0	0	0	1	0	0	0	0	0	0
20100622	-0.016132	Tuesday	2010	6	0	0	0	0	0	1	0	0	0	0	0	0
20100623	-0.002925	Wednesday	2010	6	0	0	0	0	0	1	0	0	0	0	0	0
20100624	-0.016249	Thursday	2010	6	0	0	0	0	0	1	0	0	0	0	0	0
20100625	0.006049	Friday	2010	6	0	0	0	0	0	1	0	0	0	0	0	0
20100628	-0.003124	Monday	2010	6	0	0	0	0	0	1	0	0	0	0	0	0
20100629	-0.032886	Tuesday	2010	6	0	0	0	0	0	1	0	0	0	0	0	0
20100630	-0.008951	Wednesday	2010	6	0	0	0	0	0	1	0	0	0	0	0	0
20100701	-0.003937	Thursday	2010	7	0	0	0	0	0	0	1	0	0	0	0	0
20100702	-0.0036	Friday	2010	7	0	0	0	0	0	0	1	0	0	0	0	0
20100706	0.003311	Tuesday	2010	7	0	0	0	0	0	0	1	0	0	0	0	0
20100707	0.030875	Wednesday	2010	7	0	0	0	0	0	0	1	0	0	0	0	0
20100708	0.009558	Thursday	2010	7	0	0	0	0	0	0	1	0	0	0	0	0
20100709	0.0089	Friday	2010	7	0	0	0	0	0	0	1	0	0	0	0	0
20100712	-0.001339	Monday	2010	7	0	0	0	0	0	0	1	0	0	0	0	0
20100713	0.017184	Tuesday	2010	7	0	0	0	0	0	0	1	0	0	0	0	0
20100714	-0.000638	Wednesday	2010	7	0	0	0	0	0	0	1	0	0	0	0	0
20100715	0.00042	Thursday	2010	7	0	0	0	0	0	0	1	0	0	0	0	0
20100716	-0.028522	Friday	2010	7	0	0	0	0	0	0	1	0	0	0	0	0
20100719	0.005	Monday	2010	7	0	0	0	0	0	0	1	0	0	0	0	0
20100720	0.01263	Tuesday	2010	7	0	0	0	0	0	0	1	0	0	0	0	0
20100721	-0.012841	Wednesday	2010	7	0	0	0	0	0	0	1	0	0	0	0	0
20100722	0.023554	Thursday	2010	7	0	0	0	0	0	0	1	0	0	0	0	0
20100723	0.009626	Friday	2010	7	0	0	0	0	0	0	1	0	0	0	0	0
20100726	0.011607	Monday	2010	7	0	0	0	0	0	0	1	0	0	0	0	0
20100727	-0.002526	Tuesday	2010	7	0	0	0	0	0	0	1	0	0	0	0	0
20100728	-0.00746	Wednesday	2010	7	0	0	0	0	0	0	1	0	0	0	0	0
20100729	-0.002607	Thursday	2010	7	0	0	0	0	0	0	1	0	0	0	0	0
20100730	0.00152	Friday	2010	7	0	0	0	0	0	0	1	0	0	0	0	0
20100802	0.020544	Monday	2010	8	0	0	0	0	0	0	0	1	0	0	0	0
20100803	-0.005141	Tuesday	2010	8	0	0	0	0	0	0	0	1	0	0	0	0
20100804	0.007461	Wednesday	2010	8	0	0	0	0	0	0	0	1	0	0	0	0
20100805	-0.002492	Thursday	2010	8	0	0	0	0	0	0	0	1	0	0	0	0
20100806	-0.003544	Friday	2010	8	0	0	0	0	0	0	0	1	0	0	0	0
20100809	0.005842	Monday	2010	8	0	0	0	0	0	0	0	1	0	0	0	0
20100810	-0.007991	Tuesday	2010	8	0	0	0	0	0	0	0	1	0	0	0	0
20100811	-0.0292	Wednesday	2010	8	0	0	0	0	0	0	0	1	0	0	0	0
20100812	-0.004668	Thursday	2010	8	0	0	0	0	0	0	0	1	0	0	0	0
20100813	-0.003873	Friday	2010	8	0	0	0	0	0	0	0	1	0	0	0	0
20100816	0.00145	Monday	2010	8	0	0	0	0	0	0	0	1	0	0	0	0
20100817	0.013884	Tuesday	2010	8	0	0	0	0	0	0	0	1	0	0	0	0
20100818	0.002325	Wednesday	2010	8	0	0	0	0	0	0	0	1	0	0	0	0
20100819	-0.016702	Thursday	2010	8	0	0	0	0	0	0	0	1	0	0	0	0
20100820	-0.00331	Friday	2010	8	0	0	0	0	0	0	0	1	0	0	0	0
20100823	-0.004849	Monday	2010	8	0	0	0	0	0	0	0	1	0	0	0	0
20100824	-0.01443	Tuesday	2010	8	0	0	0	0	0	0	0	1	0	0	0	0
20100825	0.004572	Wednesday	2010	8	0	0	0	0	0	0	0	1	0	0	0	0
20100826	-0.006642	Thursday	2010	8	0	0	0	0	0	0	0	1	0	0	0	0
20100827	0.018436	Friday	2010	8	0	0	0	0	0	0	0	1	0	0	0	0
20100830	-0.014211	Monday	2010	8	0	0	0	0	0	0	0	1	0	0	0	0
20100831	0.000134	Tuesday	2010	8	0	0	0	0	0	0	0	1	0	0	0	0
20100901	0.029083	Wednesday	2010	9	0	0	0	0	0	0	0	0	1	0	0	0
20100902	0.009531	Thursday	2010	9	0	0	0	0	0	0	0	0	1	0	0	0
20100903	0.01297	Friday	2010	9	0	0	0	0	0	0	0	0	1	0	0	0
20100907	-0.011857	Tuesday	2010	9	0	0	0	0	0	0	0	0	1	0	0	0
20100908	0.006322	Wednesday	2010	9	0	0	0	0	0	0	0	0	1	0	0	0
20100909	0.003759	Thursday	2010	9	0	0	0	0	0	0	0	0	1	0	0	0
20100910	0.004483	Friday	2010	9	0	0	0	0	0	0	0	0	1	0	0	0
20100913	0.012854	Monday	2010	9	0	0	0	0	0	0	0	0	1	0	0	0
20100914	-0.000108	Tuesday	2010	9	0	0	0	0	0	0	0	0	1	0	0	0
20100915	0.002958	Wednesday	2010	9	0	0	0	0	0	0	0	0	1	0	0	0
20100916	-0.000756	Thursday	2010	9	0	0	0	0	0	0	0	0	1	0	0	0
20100917	0.001132	Friday	2010	9	0	0	0	0	0	0	0	0	1	0	0	0
20100920	0.015165	Monday	2010	9	0	0	0	0	0	0	0	0	1	0	0	0
20100921	-0.003097	Tuesday	2010	9	0	0	0	0	0	0	0	0	1	0	0	0
20100922	-0.005024	Wednesday	2010	9	0	0	0	0	0	0	0	0	1	0	0	0
20100923	-0.008098	Thursday	2010	9	0	0	0	0	0	0	0	0	1	0	0	0
20100924	0.021174	Friday	2010	9	0	0	0	0	0	0	0	0	1	0	0	0
20100927	-0.004456	Monday	2010	9	0	0	0	0	0	0	0	0	1	0	0	0
20100928	0.005781	Tuesday	2010	9	0	0	0	0	0	0	0	0	1	0	0	0
20100929	-0.001081	Wednesday	2010	9	0	0	0	0	0	0	0	0	1	0	0	0
20100930	-0.001993	Thursday	2010	9	0	0	0	0	0	0	0	0	1	0	0	0
20101001	0.004938	Friday	2010	10	0	0	0	0	0	0	0	0	0	1	0	0
20101004	-0.008282	Monday	2010	10	0	0	0	0	0	0	0	0	0	1	0	0
20101005	0.02055	Tuesday	2010	10	0	0	0	0	0	0	0	0	0	1	0	0
20101006	-0.000341	Wednesday	2010	10	0	0	0	0	0	0	0	0	0	1	0	0
20101007	-0.002127	Thursday	2010	10	0	0	0	0	0	0	0	0	0	1	0	0
20101008	0.007606	Friday	2010	10	0	0	0	0	0	0	0	0	0	1	0	0
20101011	0.000551	Monday	2010	10	0	0	0	0	0	0	0	0	0	1	0	0
20101012	0.003649	Tuesday	2010	10	0	0	0	0	0	0	0	0	0	1	0	0
20101013	0.008783	Wednesday	2010	10	0	0	0	0	0	0	0	0	0	1	0	0
20101014	-0.003667	Thursday	2010	10	0	0	0	0	0	0	0	0	0	1	0	0
20101015	0.000698	Friday	2010	10	0	0	0	0	0	0	0	0	0	1	0	0
20101018	0.00629	Monday	2010	10	0	0	0	0	0	0	0	0	0	1	0	0
20101019	-0.017199	Tuesday	2010	10	0	0	0	0	0	0	0	0	0	1	0	0
20101020	0.011258	Wednesday	2010	10	0	0	0	0	0	0	0	0	0	1	0	0
20101021	0.000278	Thursday	2010	10	0	0	0	0	0	0	0	0	0	1	0	0
20101022	0.002655	Friday	2010	10	0	0	0	0	0	0	0	0	0	1	0	0
20101025	0.003727	Monday	2010	10	0	0	0	0	0	0	0	0	0	1	0	0
20101026	-0.000427	Tuesday	2010	10	0	0	0	0	0	0	0	0	0	1	0	0
20101027	-0.003318	Wednesday	2010	10	0	0	0	0	0	0	0	0	0	1	0	0
20101028	0.001148	Thursday	2010	10	0	0	0	0	0	0	0	0	0	1	0	0
20101029	0.001653	Friday	2010	10	0	0	0	0	0	0	0	0	0	1	0	0
20101101	0.000149	Monday	2010	11	0	0	0	0	0	0	0	0	0	0	1	0
20101102	0.00904	Tuesday	2010	11	0	0	0	0	0	0	0	0	0	0	1	0
20101103	0.003443	Wednesday	2010	11	0	0	0	0	0	0	0	0	0	0	1	0
20101104	0.019912	Thursday	2010	11	0	0	0	0	0	0	0	0	0	0	1	0
20101105	0.004012	Friday	2010	11	0	0	0	0	0	0	0	0	0	0	1	0
20101108	-0.0009	Monday	2010	11	0	0	0	0	0	0	0	0	0	0	1	0
20101109	-0.00848	Tuesday	2010	11	0	0	0	0	0	0	0	0	0	0	1	0
20101110	0.005431	Wednesday	2010	11	0	0	0	0	0	0	0	0	0	0	1	0
20101111	-0.003616	Thursday	2010	11	0	0	0	0	0	0	0	0	0	0	1	0
20101112	-0.013381	Friday	2010	11	0	0	0	0	0	0	0	0	0	0	1	0
20101115	-0.00128	Monday	2010	11	0	0	0	0	0	0	0	0	0	0	1	0
20101116	-0.016842	Tuesday	2010	11	0	0	0	0	0	0	0	0	0	0	1	0
20101117	0.001621	Wednesday	2010	11	0	0	0	0	0	0	0	0	0	0	1	0
20101118	0.015551	Thursday	2010	11	0	0	0	0	0	0	0	0	0	0	1	0
20101119	0.003732	Friday	2010	11	0	0	0	0	0	0	0	0	0	0	1	0
20101122	-0.000274	Monday	2010	11	0	0	0	0	0	0	0	0	0	0	1	0
20101123	-0.014125	Tuesday	2010	11	0	0	0	0	0	0	0	0	0	0	1	0
20101124	0.015676	Wednesday	2010	11	0	0	0	0	0	0	0	0	0	0	1	0
20101126	-0.006878	Friday	2010	11	0	0	0	0	0	0	0	0	0	0	1	0
20101129	-0.00091	Monday	2010	11	0	0	0	0	0	0	0	0	0	0	1	0
20101130	-0.005788	Tuesday	2010	11	0	0	0	0	0	0	0	0	0	0	1	0
20101201	0.020811	Wednesday	2010	12	0	0	0	0	0	0	0	0	0	0	0	1
20101202	0.012216	Thursday	2010	12	0	0	0	0	0	0	0	0	0	0	0	1
20101203	0.003956	Friday	2010	12	0	0	0	0	0	0	0	0	0	0	0	1
20101206	0.000028	Monday	2010	12	0	0	0	0	0	0	0	0	0	0	0	1
20101207	0.000185	Tuesday	2010	12	0	0	0	0	0	0	0	0	0	0	0	1
20101208	0.001546	Wednesday	2010	12	0	0	0	0	0	0	0	0	0	0	0	1
20101209	0.003571	Thursday	2010	12	0	0	0	0	0	0	0	0	0	0	0	1
20101210	0.006423	Friday	2010	12	0	0	0	0	0	0	0	0	0	0	0	1
20101213	0.000187	Monday	2010	12	0	0	0	0	0	0	0	0	0	0	0	1
20101214	0.000282	Tuesday	2010	12	0	0	0	0	0	0	0	0	0	0	0	1
20101215	-0.005249	Wednesday	2010	12	0	0	0	0	0	0	0	0	0	0	0	1
20101216	0.005846	Thursday	2010	12	0	0	0	0	0	0	0	0	0	0	0	1
20101217	0.001562	Friday	2010	12	0	0	0	0	0	0	0	0	0	0	0	1
20101220	0.00182	Monday	2010	12	0	0	0	0	0	0	0	0	0	0	0	1
20101221	0.007181	Tuesday	2010	12	0	0	0	0	0	0	0	0	0	0	0	1
20101222	0.003139	Wednesday	2010	12	0	0	0	0	0	0	0	0	0	0	0	1
20101223	-0.00119	Thursday	2010	12	0	0	0	0	0	0	0	0	0	0	0	1
20101227	0.000674	Monday	2010	12	0	0	0	0	0	0	0	0	0	0	0	1
20101228	0.000791	Tuesday	2010	12	0	0	0	0	0	0	0	0	0	0	0	1
20101229	0.002731	Wednesday	2010	12	0	0	0	0	0	0	0	0	0	0	0	1
20101230	-0.000805	Thursday	2010	12	0	0	0	0	0	0	0	0	0	0	0	1
20101231	-0.000238	Friday	2010	12	0	0	0	0	0	0	0	0	0	0	0	1
20110103	0.011205	Monday	2011	1	1	0	0	0	0	0	0	0	0	0	0	0
20110104	-0.003887	Tuesday	2011	1	1	0	0	0	0	0	0	0	0	0	0	0
20110105	0.005375	Wednesday	2011	1	1	0	0	0	0	0	0	0	0	0	0	0
20110106	-0.002518	Thursday	2011	1	1	0	0	0	0	0	0	0	0	0	0	0
20110107	-0.001947	Friday	2011	1	1	0	0	0	0	0	0	0	0	0	0	0
20110110	-0.000719	Monday	2011	1	1	0	0	0	0	0	0	0	0	0	0	0
20110111	0.005025	Tuesday	2011	1	1	0	0	0	0	0	0	0	0	0	0	0
20110112	0.00902	Wednesday	2011	1	1	0	0	0	0	0	0	0	0	0	0	0
20110113	-0.001888	Thursday	2011	1	1	0	0	0	0	0	0	0	0	0	0	0
20110114	0.006637	Friday	2011	1	1	0	0	0	0	0	0	0	0	0	0	0
20110118	0.002164	Tuesday	2011	1	1	0	0	0	0	0	0	0	0	0	0	0
20110119	-0.012229	Wednesday	2011	1	1	0	0	0	0	0	0	0	0	0	0	0
20110120	-0.003821	Thursday	2011	1	1	0	0	0	0	0	0	0	0	0	0	0
20110121	0.001268	Friday	2011	1	1	0	0	0	0	0	0	0	0	0	0	0
20110124	0.006284	Monday	2011	1	1	0	0	0	0	0	0	0	0	0	0	0
20110125	-0.000435	Tuesday	2011	1	1	0	0	0	0	0	0	0	0	0	0	0
20110126	0.00733	Wednesday	2011	1	1	0	0	0	0	0	0	0	0	0	0	0
20110127	0.002121	Thursday	2011	1	1	0	0	0	0	0	0	0	0	0	0	0
20110128	-0.017211	Friday	2011	1	1	0	0	0	0	0	0	0	0	0	0	0
20110131	0.007621	Monday	2011	1	1	0	0	0	0	0	0	0	0	0	0	0
20110201	0.01701	Tuesday	2011	2	0	1	0	0	0	0	0	0	0	0	0	0
20110202	-0.002218	Wednesday	2011	2	0	1	0	0	0	0	0	0	0	0	0	0
20110203	0.002927	Thursday	2011	2	0	1	0	0	0	0	0	0	0	0	0	0
20110204	0.002168	Friday	2011	2	0	1	0	0	0	0	0	0	0	0	0	0
20110207	0.006122	Monday	2011	2	0	1	0	0	0	0	0	0	0	0	0	0
20110208	0.004563	Tuesday	2011	2	0	1	0	0	0	0	0	0	0	0	0	0
20110209	-0.003428	Wednesday	2011	2	0	1	0	0	0	0	0	0	0	0	0	0
20110210	0.001331	Thursday	2011	2	0	1	0	0	0	0	0	0	0	0	0	0
20110211	0.006107	Friday	2011	2	0	1	0	0	0	0	0	0	0	0	0	0
20110214	0.003389	Monday	2011	2	0	1	0	0	0	0	0	0	0	0	0	0
20110215	-0.003185	Tuesday	2011	2	0	1	0	0	0	0	0	0	0	0	0	0
20110216	0.007512	Wednesday	2011	2	0	1	0	0	0	0	0	0	0	0	0	0
20110217	0.003948	Thursday	2011	2	0	1	0	0	0	0	0	0	0	0	0	0
20110218	0.001228	Friday	2011	2	0	1	0	0	0	0	0	0	0	0	0	0
20110222	-0.021038	Tuesday	2011	2	0	1	0	0	0	0	0	0	0	0	0	0
20110223	-0.006546	Wednesday	2011	2	0	1	0	0	0	0	0	0	0	0	0	0
20110224	-0.00013	Thursday	2011	2	0	1	0	0	0	0	0	0	0	0	0	0
20110225	0.012918	Friday	2011	2	0	1	0	0	0	0	0	0	0	0	0	0
20110228	0.005333	Monday	2011	2	0	1	0	0	0	0	0	0	0	0	0	0
20110301	-0.014888	Tuesday	2011	3	0	0	1	0	0	0	0	0	0	0	0	0
20110302	0.002832	Wednesday	2011	3	0	0	1	0	0	0	0	0	0	0	0	0
20110303	0.016077	Thursday	2011	3	0	0	1	0	0	0	0	0	0	0	0	0
20110304	-0.00589	Friday	2011	3	0	0	1	0	0	0	0	0	0	0	0	0
20110307	-0.009401	Monday	2011	3	0	0	1	0	0	0	0	0	0	0	0	0
20110308	0.008079	Tuesday	2011	3	0	0	1	0	0	0	0	0	0	0	0	0
20110309	-0.00244	Wednesday	2011	3	0	0	1	0	0	0	0	0	0	0	0	0
20110310	-0.019775	Thursday	2011	3	0	0	1	0	0	0	0	0	0	0	0	0
20110311	0.006951	Friday	2011	3	0	0	1	0	0	0	0	0	0	0	0	0
20110314	-0.005471	Monday	2011	3	0	0	1	0	0	0	0	0	0	0	0	0
20110315	-0.011139	Tuesday	2011	3	0	0	1	0	0	0	0	0	0	0	0	0
20110316	-0.016629	Wednesday	2011	3	0	0	1	0	0	0	0	0	0	0	0	0
20110317	0.01221	Thursday	2011	3	0	0	1	0	0	0	0	0	0	0	0	0
20110318	0.004854	Friday	2011	3	0	0	1	0	0	0	0	0	0	0	0	0
20110321	0.016433	Monday	2011	3	0	0	1	0	0	0	0	0	0	0	0	0
20110322	-0.003236	Tuesday	2011	3	0	0	1	0	0	0	0	0	0	0	0	0
20110323	0.002868	Wednesday	2011	3	0	0	1	0	0	0	0	0	0	0	0	0
20110324	0.008543	Thursday	2011	3	0	0	1	0	0	0	0	0	0	0	0	0
20110325	0.003131	Friday	2011	3	0	0	1	0	0	0	0	0	0	0	0	0
20110328	-0.003323	Monday	2011	3	0	0	1	0	0	0	0	0	0	0	0	0
20110329	0.007159	Tuesday	2011	3	0	0	1	0	0	0	0	0	0	0	0	0
20110330	0.008218	Wednesday	2011	3	0	0	1	0	0	0	0	0	0	0	0	0
20110331	-0.000603	Thursday	2011	3	0	0	1	0	0	0	0	0	0	0	0	0
20110401	0.005456	Friday	2011	4	0	0	0	1	0	0	0	0	0	0	0	0
20110404	0.001175	Monday	2011	4	0	0	0	1	0	0	0	0	0	0	0	0
20110405	0.001333	Tuesday	2011	4	0	0	0	1	0	0	0	0	0	0	0	0
20110406	0.00173	Wednesday	2011	4	0	0	0	1	0	0	0	0	0	0	0	0
20110407	-0.002256	Thursday	2011	4	0	0	0	1	0	0	0	0	0	0	0	0
20110408	-0.003388	Friday	2011	4	0	0	0	1	0	0	0	0	0	0	0	0
20110411	-0.00472	Monday	2011	4	0	0	0	1	0	0	0	0	0	0	0	0
20110412	-0.009235	Tuesday	2011	4	0	0	0	1	0	0	0	0	0	0	0	0
20110413	0.001298	Wednesday	2011	4	0	0	0	1	0	0	0	0	0	0	0	0
20110414	0.000543	Thursday	2011	4	0	0	0	1	0	0	0	0	0	0	0	0
20110415	0.003965	Friday	2011	4	0	0	0	1	0	0	0	0	0	0	0	0
20110418	-0.011611	Monday	2011	4	0	0	0	1	0	0	0	0	0	0	0	0
20110419	0.005726	Tuesday	2011	4	0	0	0	1	0	0	0	0	0	0	0	0
20110420	0.014271	Wednesday	2011	4	0	0	0	1	0	0	0	0	0	0	0	0
20110421	0.005873	Thursday	2011	4	0	0	0	1	0	0	0	0	0	0	0	0
20110425	-0.001841	Monday	2011	4	0	0	0	1	0	0	0	0	0	0	0	0
20110426	0.008138	Tuesday	2011	4	0	0	0	1	0	0	0	0	0	0	0	0
20110427	0.006166	Wednesday	2011	4	0	0	0	1	0	0	0	0	0	0	0	0
20110428	0.002938	Thursday	2011	4	0	0	0	1	0	0	0	0	0	0	0	0
20110429	0.003117	Friday	2011	4	0	0	0	1	0	0	0	0	0	0	0	0
20110502	-0.003565	Monday	2011	5	0	0	0	0	1	0	0	0	0	0	0	0
20110503	-0.006642	Tuesday	2011	5	0	0	0	0	1	0	0	0	0	0	0	0
20110504	-0.007961	Wednesday	2011	5	0	0	0	0	1	0	0	0	0	0	0	0
20110505	-0.009445	Thursday	2011	5	0	0	0	0	1	0	0	0	0	0	0	0
20110506	0.004605	Friday	2011	5	0	0	0	0	1	0	0	0	0	0	0	0
20110509	0.006144	Monday	2011	5	0	0	0	0	1	0	0	0	0	0	0	0
20110510	0.008469	Tuesday	2011	5	0	0	0	0	1	0	0	0	0	0	0	0
20110511	-0.012233	Wednesday	2011	5	0	0	0	0	1	0	0	0	0	0	0	0
20110512	0.004028	Thursday	2011	5	0	0	0	0	1	0	0	0	0	0	0	0
20110513	-0.008902	Friday	2011	5	0	0	0	0	1	0	0	0	0	0	0	0
20110516	-0.006952	Monday	2011	5	0	0	0	0	1	0	0	0	0	0	0	0
20110517	-0.000633	Tuesday	2011	5	0	0	0	0	1	0	0	0	0	0	0	0
20110518	0.010736	Wednesday	2011	5	0	0	0	0	1	0	0	0	0	0	0	0
20110519	0.002342	Thursday	2011	5	0	0	0	0	1	0	0	0	0	0	0	0
20110520	-0.006785	Friday	2011	5	0	0	0	0	1	0	0	0	0	0	0	0
20110523	-0.012997	Monday	2011	5	0	0	0	0	1	0	0	0	0	0	0	0
20110524	-0.000394	Tuesday	2011	5	0	0	0	0	1	0	0	0	0	0	0	0
20110525	0.005075	Wednesday	2011	5	0	0	0	0	1	0	0	0	0	0	0	0
20110526	0.005325	Thursday	2011	5	0	0	0	0	1	0	0	0	0	0	0	0
20110527	0.00511	Friday	2011	5	0	0	0	0	1	0	0	0	0	0	0	0
20110531	0.010286	Tuesday	2011	5	0	0	0	0	1	0	0	0	0	0	0	0
20110601	-0.023067	Wednesday	2011	6	0	0	0	0	0	1	0	0	0	0	0	0
20110602	-0.000633	Thursday	2011	6	0	0	0	0	0	1	0	0	0	0	0	0
20110603	-0.009285	Friday	2011	6	0	0	0	0	0	1	0	0	0	0	0	0
20110606	-0.012437	Monday	2011	6	0	0	0	0	0	1	0	0	0	0	0	0
20110607	0.000266	Tuesday	2011	6	0	0	0	0	0	1	0	0	0	0	0	0
20110608	-0.005965	Wednesday	2011	6	0	0	0	0	0	1	0	0	0	0	0	0
20110609	0.007465	Thursday	2011	6	0	0	0	0	0	1	0	0	0	0	0	0
20110610	-0.014078	Friday	2011	6	0	0	0	0	0	1	0	0	0	0	0	0
20110613	-0.000914	Monday	2011	6	0	0	0	0	0	1	0	0	0	0	0	0
20110614	0.013859	Tuesday	2011	6	0	0	0	0	0	1	0	0	0	0	0	0
20110615	-0.017293	Wednesday	2011	6	0	0	0	0	0	1	0	0	0	0	0	0
20110616	-0.000112	Thursday	2011	6	0	0	0	0	0	1	0	0	0	0	0	0
20110617	0.002157	Friday	2011	6	0	0	0	0	0	1	0	0	0	0	0	0
20110620	0.005339	Monday	2011	6	0	0	0	0	0	1	0	0	0	0	0	0
20110621	0.015895	Tuesday	2011	6	0	0	0	0	0	1	0	0	0	0	0	0
20110622	-0.005477	Wednesday	2011	6	0	0	0	0	0	1	0	0	0	0	0	0
20110623	-0.00258	Thursday	2011	6	0	0	0	0	0	1	0	0	0	0	0	0
20110624	-0.010571	Friday	2011	6	0	0	0	0	0	1	0	0	0	0	0	0
20110627	0.008067	Monday	2011	6	0	0	0	0	0	1	0	0	0	0	0	0
20110628	0.013696	Tuesday	2011	6	0	0	0	0	0	1	0	0	0	0	0	0
20110629	0.008714	Wednesday	2011	6	0	0	0	0	0	1	0	0	0	0	0	0
20110630	0.009706	Thursday	2011	6	0	0	0	0	0	1	0	0	0	0	0	0
20110701	0.013471	Friday	2011	7	0	0	0	0	0	0	1	0	0	0	0	0
20110705	-0.00002	Tuesday	2011	7	0	0	0	0	0	0	1	0	0	0	0	0
20110706	0.001148	Wednesday	2011	7	0	0	0	0	0	0	1	0	0	0	0	0
20110707	0.010618	Thursday	2011	7	0	0	0	0	0	0	1	0	0	0	0	0
20110708	-0.006331	Friday	2011	7	0	0	0	0	0	0	1	0	0	0	0	0
20110711	-0.019341	Monday	2011	7	0	0	0	0	0	0	1	0	0	0	0	0
20110712	-0.003808	Tuesday	2011	7	0	0	0	0	0	0	1	0	0	0	0	0
20110713	0.005005	Wednesday	2011	7	0	0	0	0	0	0	1	0	0	0	0	0
20110714	-0.008041	Thursday	2011	7	0	0	0	0	0	0	1	0	0	0	0	0
20110715	0.006169	Friday	2011	7	0	0	0	0	0	0	1	0	0	0	0	0
20110718	-0.00947	Monday	2011	7	0	0	0	0	0	0	1	0	0	0	0	0
20110719	0.016154	Tuesday	2011	7	0	0	0	0	0	0	1	0	0	0	0	0
20110720	0.000053	Wednesday	2011	7	0	0	0	0	0	0	1	0	0	0	0	0
20110721	0.01225	Thursday	2011	7	0	0	0	0	0	0	1	0	0	0	0	0
20110722	0.001441	Friday	2011	7	0	0	0	0	0	0	1	0	0	0	0	0
20110725	-0.00628	Monday	2011	7	0	0	0	0	0	0	1	0	0	0	0	0
20110726	-0.004539	Tuesday	2011	7	0	0	0	0	0	0	1	0	0	0	0	0
20110727	-0.021643	Wednesday	2011	7	0	0	0	0	0	0	1	0	0	0	0	0
20110728	-0.002921	Thursday	2011	7	0	0	0	0	0	0	1	0	0	0	0	0
20110729	-0.005619	Friday	2011	7	0	0	0	0	0	0	1	0	0	0	0	0
20110801	-0.00361	Monday	2011	8	0	0	0	0	0	0	0	1	0	0	0	0
20110802	-0.025643	Tuesday	2011	8	0	0	0	0	0	0	0	1	0	0	0	0
20110803	0.004954	Wednesday	2011	8	0	0	0	0	0	0	0	1	0	0	0	0
20110804	-0.050349	Thursday	2011	8	0	0	0	0	0	0	0	1	0	0	0	0
20110805	-0.004785	Friday	2011	8	0	0	0	0	0	0	0	1	0	0	0	0
20110808	-0.068665	Monday	2011	8	0	0	0	0	0	0	0	1	0	0	0	0
20110809	0.051214	Tuesday	2011	8	0	0	0	0	0	0	0	1	0	0	0	0
20110810	-0.038549	Wednesday	2011	8	0	0	0	0	0	0	0	1	0	0	0	0
20110811	0.045247	Thursday	2011	8	0	0	0	0	0	0	0	1	0	0	0	0
20110812	0.004764	Friday	2011	8	0	0	0	0	0	0	0	1	0	0	0	0
20110815	0.022829	Monday	2011	8	0	0	0	0	0	0	0	1	0	0	0	0
20110816	-0.010894	Tuesday	2011	8	0	0	0	0	0	0	0	1	0	0	0	0
20110817	0.000845	Wednesday	2011	8	0	0	0	0	0	0	0	1	0	0	0	0
20110818	-0.04531	Thursday	2011	8	0	0	0	0	0	0	0	1	0	0	0	0
20110819	-0.015358	Friday	2011	8	0	0	0	0	0	0	0	1	0	0	0	0
20110822	0.000037	Monday	2011	8	0	0	0	0	0	0	0	1	0	0	0	0
20110823	0.033737	Tuesday	2011	8	0	0	0	0	0	0	0	1	0	0	0	0
20110824	0.011552	Wednesday	2011	8	0	0	0	0	0	0	0	1	0	0	0	0
20110825	-0.015903	Thursday	2011	8	0	0	0	0	0	0	0	1	0	0	0	0
20110826	0.016437	Friday	2011	8	0	0	0	0	0	0	0	1	0	0	0	0
20110829	0.029617	Monday	2011	8	0	0	0	0	0	0	0	1	0	0	0	0
20110830	0.00376	Tuesday	2011	8	0	0	0	0	0	0	0	1	0	0	0	0
20110831	0.005091	Wednesday	2011	8	0	0	0	0	0	0	0	1	0	0	0	0
20110901	-0.012121	Thursday	2011	9	0	0	0	0	0	0	0	0	1	0	0	0
20110902	-0.024626	Friday	2011	9	0	0	0	0	0	0	0	0	1	0	0	0
20110906	-0.008132	Tuesday	2011	9	0	0	0	0	0	0	0	0	1	0	0	0
20110907	0.029134	Wednesday	2011	9	0	0	0	0	0	0	0	0	1	0	0	0
20110908	-0.010869	Thursday	2011	9	0	0	0	0	0	0	0	0	1	0	0	0
20110909	-0.026579	Friday	2011	9	0	0	0	0	0	0	0	0	1	0	0	0
20110912	0.00414	Monday	2011	9	0	0	0	0	0	0	0	0	1	0	0	0
20110913	0.010801	Tuesday	2011	9	0	0	0	0	0	0	0	0	1	0	0	0
20110914	0.012782	Wednesday	2011	9	0	0	0	0	0	0	0	0	1	0	0	0
20110915	0.015461	Thursday	2011	9	0	0	0	0	0	0	0	0	1	0	0	0
20110916	0.003565	Friday	2011	9	0	0	0	0	0	0	0	0	1	0	0	0
20110919	-0.010936	Monday	2011	9	0	0	0	0	0	0	0	0	1	0	0	0
20110920	-0.004106	Tuesday	2011	9	0	0	0	0	0	0	0	0	1	0	0	0
20110921	-0.029425	Wednesday	2011	9	0	0	0	0	0	0	0	0	1	0	0	0
20110922	-0.034394	Thursday	2011	9	0	0	0	0	0	0	0	0	1	0	0	0
20110923	0.005756	Friday	2011	9	0	0	0	0	0	0	0	0	1	0	0	0
20110926	0.021585	Monday	2011	9	0	0	0	0	0	0	0	0	1	0	0	0
20110927	0.012843	Tuesday	2011	9	0	0	0	0	0	0	0	0	1	0	0	0
20110928	-0.023685	Wednesday	2011	9	0	0	0	0	0	0	0	0	1	0	0	0
20110929	0.00822	Thursday	2011	9	0	0	0	0	0	0	0	0	1	0	0	0
20110930	-0.024625	Friday	2011	9	0	0	0	0	0	0	0	0	1	0	0	0
20111003	-0.031916	Monday	2011	10	0	0	0	0	0	0	0	0	0	1	0	0
20111004	0.023613	Tuesday	2011	10	0	0	0	0	0	0	0	0	0	1	0	0
20111005	0.019649	Wednesday	2011	10	0	0	0	0	0	0	0	0	0	1	0	0
20111006	0.020555	Thursday	2011	10	0	0	0	0	0	0	0	0	0	1	0	0
20111007	-0.010922	Friday	2011	10	0	0	0	0	0	0	0	0	0	1	0	0
20111010	0.034254	Monday	2011	10	0	0	0	0	0	0	0	0	0	1	0	0
20111011	0.001062	Tuesday	2011	10	0	0	0	0	0	0	0	0	0	1	0	0
20111012	0.011795	Wednesday	2011	10	0	0	0	0	0	0	0	0	0	1	0	0
20111013	-0.002944	Thursday	2011	10	0	0	0	0	0	0	0	0	0	1	0	0
20111014	0.017728	Friday	2011	10	0	0	0	0	0	0	0	0	0	1	0	0
20111017	-0.020839	Monday	2011	10	0	0	0	0	0	0	0	0	0	1	0	0
20111018	0.020777	Tuesday	2011	10	0	0	0	0	0	0	0	0	0	1	0	0
20111019	-0.014155	Wednesday	2011	10	0	0	0	0	0	0	0	0	0	1	0	0
20111020	0.003882	Thursday	2011	10	0	0	0	0	0	0	0	0	0	1	0	0
20111021	0.019253	Friday	2011	10	0	0	0	0	0	0	0	0	0	1	0	0
20111024	0.016757	Monday	2011	10	0	0	0	0	0	0	0	0	0	1	0	0
20111025	-0.019814	Tuesday	2011	10	0	0	0	0	0	0	0	0	0	1	0	0
20111026	0.011502	Wednesday	2011	10	0	0	0	0	0	0	0	0	0	1	0	0
20111027	0.036207	Thursday	2011	10	0	0	0	0	0	0	0	0	0	1	0	0
20111028	0.000257	Friday	2011	10	0	0	0	0	0	0	0	0	0	1	0	0
20111031	-0.024636	Monday	2011	10	0	0	0	0	0	0	0	0	0	1	0	0
20111101	-0.028595	Tuesday	2011	11	0	0	0	0	0	0	0	0	0	0	1	0
20111102	0.017068	Wednesday	2011	11	0	0	0	0	0	0	0	0	0	0	1	0
20111103	0.019189	Thursday	2011	11	0	0	0	0	0	0	0	0	0	0	1	0
20111104	-0.005559	Friday	2011	11	0	0	0	0	0	0	0	0	0	0	1	0
20111107	0.004912	Monday	2011	11	0	0	0	0	0	0	0	0	0	0	1	0
20111108	0.011208	Tuesday	2011	11	0	0	0	0	0	0	0	0	0	0	1	0
20111109	-0.037839	Wednesday	2011	11	0	0	0	0	0	0	0	0	0	0	1	0
20111110	0.00742	Thursday	2011	11	0	0	0	0	0	0	0	0	0	0	1	0
20111111	0.019766	Friday	2011	11	0	0	0	0	0	0	0	0	0	0	1	0
20111114	-0.009368	Monday	2011	11	0	0	0	0	0	0	0	0	0	0	1	0
20111115	0.00453	Tuesday	2011	11	0	0	0	0	0	0	0	0	0	0	1	0
20111116	-0.015088	Wednesday	2011	11	0	0	0	0	0	0	0	0	0	0	1	0
20111117	-0.017202	Thursday	2011	11	0	0	0	0	0	0	0	0	0	0	1	0
20111118	-0.000294	Friday	2011	11	0	0	0	0	0	0	0	0	0	0	1	0
20111121	-0.018646	Monday	2011	11	0	0	0	0	0	0	0	0	0	0	1	0
20111122	-0.003934	Tuesday	2011	11	0	0	0	0	0	0	0	0	0	0	1	0
20111123	-0.023237	Wednesday	2011	11	0	0	0	0	0	0	0	0	0	0	1	0
20111125	-0.003631	Friday	2011	11	0	0	0	0	0	0	0	0	0	0	1	0
20111128	0.030509	Monday	2011	11	0	0	0	0	0	0	0	0	0	0	1	0
20111129	0.002266	Tuesday	2011	11	0	0	0	0	0	0	0	0	0	0	1	0
20111130	0.043872	Wednesday	2011	11	0	0	0	0	0	0	0	0	0	0	1	0
20111201	-0.002277	Thursday	2011	12	0	0	0	0	0	0	0	0	0	0	0	1
20111202	0.000099	Friday	2011	12	0	0	0	0	0	0	0	0	0	0	0	1
20111205	0.010294	Monday	2011	12	0	0	0	0	0	0	0	0	0	0	0	1
20111206	0.000387	Tuesday	2011	12	0	0	0	0	0	0	0	0	0	0	0	1
20111207	0.001912	Wednesday	2011	12	0	0	0	0	0	0	0	0	0	0	0	1
20111208	-0.022862	Thursday	2011	12	0	0	0	0	0	0	0	0	0	0	0	1
20111209	0.017731	Friday	2011	12	0	0	0	0	0	0	0	0	0	0	0	1
20111212	-0.015542	Monday	2011	12	0	0	0	0	0	0	0	0	0	0	0	1
20111213	-0.011232	Tuesday	2011	12	0	0	0	0	0	0	0	0	0	0	0	1
20111214	-0.012733	Wednesday	2011	12	0	0	0	0	0	0	0	0	0	0	0	1
20111215	0.003749	Thursday	2011	12	0	0	0	0	0	0	0	0	0	0	0	1
20111216	0.004966	Friday	2011	12	0	0	0	0	0	0	0	0	0	0	0	1
20111219	-0.012645	Monday	2011	12	0	0	0	0	0	0	0	0	0	0	0	1
20111220	0.030021	Tuesday	2011	12	0	0	0	0	0	0	0	0	0	0	0	1
20111221	0.002026	Wednesday	2011	12	0	0	0	0	0	0	0	0	0	0	0	1
20111222	0.008909	Thursday	2011	12	0	0	0	0	0	0	0	0	0	0	0	1
20111223	0.007859	Friday	2011	12	0	0	0	0	0	0	0	0	0	0	0	1
20111227	0.000021	Tuesday	2011	12	0	0	0	0	0	0	0	0	0	0	0	1
20111228	-0.013635	Wednesday	2011	12	0	0	0	0	0	0	0	0	0	0	0	1
20111229	0.010772	Thursday	2011	12	0	0	0	0	0	0	0	0	0	0	0	1
20111230	-0.002585	Friday	2011	12	0	0	0	0	0	0	0	0	0	0	0	1
