Order Cost
0
0
130.65
0
188.05
0
0
0
0
0
189.55
0
0
0
0
255.64
433.33
0
0
0
0
0
0
0
0
116.73
0
0
0
0
0
0
0
290.61
0
0
0
0
0
0
0
0
0
0
0
0
0
226.63
0
110.44
638.92
0
199.77
0
0
0
0
0
0
0
0
0
0
0
0
0
0
0
0
0
0
0
0
0
0
0
0
393.69
0
0
0
0
0
0
0
0
0
281.15
0
0
0
0
57.74
0
0
473.41
0
0
479.08
0
0
0
0
0
253.82
0
230.75
0
0
0
127.7
0
0
0
0
0
0
0
0
0
0
367.87
0
0
0
0
0
155.48
0
0
0
0
0
0
0
0
0
0
0
138.23
203.26
0
0
0
0
0
0
120.57
0
0
248.69
0
0
0
0
0
0
0
0
0
0
0
0
0
292.59
0
0
0
0
0
0
0
0
0
0
0
0
0
0
0
0
0
0
0
0
0
0
0
0
0
0
0
0
0
0
0
0
173.08
0
0
0
0
156.84
0
136.57
303.15
0
0
0
0
0
0
0
200.49
0
0
0
0
0
0
0
0
0
0
0
