Nominal Loan Amount	Credit Score
60000	588
28600	619
7400	517
50400	558
63600	583
18000	605
6300	529
37000	536
55000	508
156600	711
42000	504
20200	565
5300	619
42000	518
18600	487
20400	626
33000	600
35800	668
48000	593
15400	784
5600	606
22800	511
22200	635
8400	536
94000	633
15800	507
126000	639
30000	506
23600	600
15600	630
19800	661
28400	636
47400	599
14000	427
11600	459
180000	629
49400	718
7600	610
25600	524
14600	578
28200	606
26200	663
23600	591
9400	633
21000	668
4400	480
19200	510
8600	589
62000	637
28400	490
9000	575
48800	616
33400	511
16000	695
97000	611
5400	459
10400	626
36600	703
156000	563
8000	481
19000	635
13600	548
4780	538
11000	515
58800	636
7200	629
25400	658
45400	659
22800	495
26800	645
26300	630
24900	689
17000	472
16200	550
10800	510
16200	618
80000	650
12000	483
18600	525
21000	564
8000	596
35200	589
28000	593
37800	515
10000	576
52000	535
39000	542
97200	501
3200	588
131200	537
72000	573
15400	651
4800	457
11000	520
13400	638
29600	545
20800	551
9000	471
14400	649
8400	538
62000	570
14800	636
21000	583
85000	463
57200	514
51000	532
21600	672
19200	521
35600	581
18800	613
14000	513
19600	595
38000	505
26800	597
40200	655
78200	563
9400	567
32100	617
20800	531
10600	629
20400	613
26200	688
24200	656
8600	546
14000	491
43000	567
39200	626
10000	641
14200	519
32000	537
23800	525
43800	598
11100	618
28500	559
89000	540
32000	590
98600	603
28950	497
21200	516
16000	692
38000	569
31700	646
4300	498
56600	483
27000	702
17600	539
32000	506
26000	554
16100	669
41400	489
4200	581
40400	524
40600	544
18600	616
31800	624
39400	515
15000	548
14000	620
19400	582
51400	525
12000	644
13400	525
50400	605
24000	612
16100	613
37000	668
50000	538
71200	650
104000	720
25000	518
47200	665
25600	556
19000	501
8600	598
41300	518
9200	456
17800	545
40000	546
13400	610
19000	550
192000	654
26400	627
5800	524
8600	546
14800	527
30200	672
19800	524
69900	637
9800	629
13400	598
16600	636
182000	715
56000	614
69600	493
10000	698
40000	578
22200	531
11600	527
12600	532
10400	536
30600	603
26000	612
28200	575
9800	578
52000	542
24000	487
24000	547
90000	557
5800	491
20400	562
100000	539
16400	749
21200	501
64000	521
12000	648
5800	441
46000	686
33100	540
14200	578
105800	509
12200	536
31600	477
16000	616
65000	539
54400	622
14400	507
67400	471
20000	658
10200	575
60600	614
93400	584
15600	524
23000	518
50000	495
10300	696
50000	494
3000	645
58000	574
92000	487
29600	658
11600	643
4200	529
39200	561
12000	520
74000	637
11200	528
30000	661
202000	451
9600	492
48800	613
6600	629
6800	601
200000	612
22000	640
74600	641
67600	763
66000	628
29200	672
14000	522
23200	470
46942	606
29400	712
5000	567
20000	654
26000	644
15400	631
50000	584
28000	487
120000	583
14400	539
9400	593
16600	461
98000	642
42000	731
14800	654
28000	498
6600	529
82000	625
22200	566
4600	636
43400	486
17600	473
6800	465
26000	609
8000	481
7000	550
40000	626
50400	720
46600	552
352000	652
21600	512
35000	484
74000	654
18400	510
3800	539
12600	515
9400	657
37000	486
24400	619
200000	459
175000	640
31600	521
33000	675
66000	588
11200	568
28000	547
16200	547
15000	526
15000	671
38600	675
6200	537
17600	677
9600	626
13800	492
17200	497
73400	513
7400	692
42600	468
8000	630
30000	594
86000	747
5200	454
18000	536
22000	549
32200	523
15200	515
4400	493
26000	643
60000	693
16400	507
32500	515
7200	519
4800	622
56200	599
40000	552
8000	598
36600	580
6000	651
13800	561
8200	716
11000	440
4200	567
14000	568
83000	586
5900	506
21600	517
66000	529
60000	669
42000	553
23000	580
17100	586
19200	647
46000	660
5400	544
131000	516
6300	627
44400	552
22000	614
9600	644
18000	622
30000	532
78000	757
18000	608
9200	545
97200	607
32800	474
15600	656
20000	644
46000	464
12000	618
34000	464
18000	551
34400	594
32000	695
16400	795
40000	588
81800	525
36000	468
103000	597
11600	615
38000	518
10000	668
19400	522
55600	540
31000	726
53200	586
19500	559
111000	567
4600	545
11600	589
13200	630
15000	606
16200	522
41400	623
5000	590
22000	651
13400	645
8127.5	686
18000	466
13200	462
24300	684
117200	568
6600	477
28800	567
4400	497
12500	463
60800	483
10000	609
34800	496
40800	584
13800	508
14800	558
5000	632
8000	523
13200	551
9200	560
20000	534
14000	661
27400	624
10500	633
10800	547
20000	583
47800	624
30000	656
21000	434
20600	534
14300	607
166000	644
11800	592
73500	627
16400	558
16600	556
32000	499
21200	568
11200	559
7400	505
14400	615
27400	500
13800	451
6400	612
15000	658
18800	603
27400	618
52000	656
8800	531
10500	592
15400	648
24000	515
6300	508
51400	470
17000	565
6000	625
25400	653
4800	541
8000	549
26400	463
16400	610
12600	499
8800	425
160000	602
12000	581
200000	648
21000	583
11000	435
90800	540
164000	496
76800	549
14000	600
31000	613
11200	595
18000	749
10300	517
49400	516
6600	554
19000	657
57800	637
41600	697
34400	506
45000	489
30000	502
9400	519
16400	631
15000	679
92000	695
13600	596
20400	694
24200	708
11200	545
8400	455
45000	720
60200	540
9800	587
40000	709
6200	539
42800	602
10800	561
16200	645
63800	574
54000	762
26400	499
23600	564
25600	684
16600	545
14200	507
23400	580
39400	519
6400	660
10000	495
91600	460
18800	499
80000	634
239000	668
51000	602
20000	619
16000	611
26400	532
12200	547
30600	690
36600	657
110000	633
24000	623
28900	628
183000	577
3200	633
30000	565
26400	617
27200	755
5000	657
40000	486
64800	546
7600	558
14000	666
16400	510
30000	536
24400	525
86000	699
72400	639
12200	544
6400	485
21400	539
14400	676
34100	663
36000	572
54400	493
118400	605
8400	679
7700	596
8200	528
8000	663
23600	677
40400	448
34739.36	519
55400	703
15900	503
16000	499
19400	642
77800	657
12000	544
6600	461
6000	590
41200	700
4600	529
17400	771
10100	530
186000	686
44400	493
30000	657
26000	628
52600	519
14900	548
3600	641
30000	617
41400	673
71000	640
48400	753
38200	648
240000	610
34000	607
26000	554
21400	586
26800	607
3000	500
112600	559
6000	542
3000	627
5000	567
24000	486
42000	706
15700	536
25400	645
30000	685
17400	603
192000	695
30000	632
16400	461
6600	512
38000	562
39400	429
13000	672
13400	600
19200	588
52200	475
56200	637
16000	598
16200	531
12400	498
71000	699
13800	509
18000	651
29400	504
14000	570
49600	588
35000	664
11200	539
15600	586
4600	616
32000	639
50000	605
62400	510
100000	554
90000	486
20000	632
20000	546
31800	642
25000	531
12800	475
11000	600
11600	482
9600	518
13000	537
132000	630
250000	614
32200	669
11200	545
44600	544
51400	623
40200	524
34000	522
10000	476
22000	547
4400	472
19000	617
60600	551
50000	558
7400	577
23000	603
91300	509
10000	582
50000	548
6600	546
16000	472
30000	615
12200	568
22400	615
38800	709
52800	525
13600	657
3000	640
6800	493
14000	459
145000	569
13800	514
22300	469
34400	663
50000	724
71600	517
59400	528
30000	643
25800	506
19700	544
5000	397
196000	561
32000	683
34200	652
24000	547
78000	523
21000	432
13200	471
5400	488
18000	571
10600	630
3600	673
60000	563
40500	664
12200	583
26000	591
56300	666
20800	466
11200	515
18600	479
113400	538
10000	471
95200	762
56400	725
50000	528
4000	521
153000	569
72000	644
33600	459
80000	662
14000	527
17600	493
59514	636
30400	587
16800	551
14000	612
70000	613
3000	606
68000	498
71000	513
9500	704
21200	509
38000	723
14000	508
4400	514
14400	545
23200	577
85800	467
60000	578
37800	560
316200	530
9400	609
18000	465
50000	535
80000	563
23600	531
10400	529
60000	485
32400	478
26400	566
60000	513
42800	616
34400	582
11600	648
22400	684
6000	459
60200	675
26400	573
72000	603
17600	513
7000	623
10200	602
142400	545
17300	565
20200	604
26000	564
17800	519
89400	616
22000	760
9200	600
21400	599
112400	665
9800	673
3200	513
26000	489
13400	499
17600	556
19400	629
30000	561
9800	561
6500	549
24400	641
30200	620
16000	479
9679.16	514
124000	468
209200	672
20200	649
26400	547
22600	469
21400	492
26200	524
29400	572
6800	500
25000	597
30400	567
37000	470
42000	666
55000	617
24400	736
3000	628
34200	547
19600	591
21400	581
38800	640
38600	571
19200	590
13600	560
14000	625
18000	673
60000	515
84600	753
6200	596
49200	537
43040	548
11000	472
43600	466
18000	586
20400	685
13600	458
10200	607
13200	527
18600	666
64600	590
6400	622
24000	594
19000	550
12400	519
20800	544
66800	575
25400	510
37400	641
36000	608
21200	502
8000	489
6400	557
33800	704
100000	606
21600	561
4800	527
102200	602
24000	663
10000	576
29200	758
30000	608
5200	425
66000	649
15000	602
24200	533
15600	558
12600	453
17400	659
168100	576
35600	492
10600	643
16300	574
33000	677
45400	563
20000	509
19800	513
28800	553
17200	538
23000	526
130100	554
16400	566
3600	559
8000	494
8000	572
16000	528
74400	585
3000	522
37800	560
31400	516
146000	671
21400	463
24000	622
6000	464
15000	532
118400	471
26000	666
6400	482
44600	571
48600	522
36000	638
9400	635
60000	489
11600	582
10400	703
5700	532
22000	564
15400	545
9800	604
17000	704
19000	542
5400	513
67600	665
14800	569
15600	642
132000	578
55000	590
25800	502
20000	542
19400	487
9200	572
36000	572
40000	546
8000	541
13800	497
103300	655
41000	507
17350	626
30000	579
150000	566
17800	599
13600	645
60600	614
20400	492
11000	570
40200	665
95200	705
29400	578
22000	600
103400	620
99000	546
41600	442
6600	524
30000	638
9200	610
37400	543
150000	627
63400	653
42600	578
4400	559
120000	764
94600	641
3200	471
54000	714
18200	612
18500	647
100000	625
9000	438
20600	683
28000	685
12600	691
16000	652
10000	432
70364	487
6000	710
21000	648
158000	619
165900	609
50000	509
100000	671
108400	678
32800	552
28000	585
20000	570
22900	681
30800	579
18200	437
132900	618
15700	558
11700	569
23200	511
41000	531
9200	514
38400	576
34000	514
56800	576
7600	614
13800	566
26400	532
20000	626
20000	591
86000	594
100000	592
35400	777
24200	625
47200	661
92000	686
14000	544
11800	470
16400	540
