Date	Percentage Change Apple	Percentage Change McDonalds	Percentage Change Disney	Percentage Change Microsoft	Percentage Change IBM	Percentage Change Exxon	Apple & McDonalds
20100104	1.5555	0.5445	-0.5581	1.542	1.1841	1.4078	0.79725
20100105	0.1729	-0.7646	-0.2495	0.0323	-1.208	0.3905	-0.530225
20100106	-1.5906	-1.3644	-0.5314	-0.6137	-0.6496	0.8643	-1.42095
20100107	-0.1849	0.7323	0.0314	-1.0335	-0.3462	-0.3142	0.503
20100108	0.6648	-0.0969	0.1571	0.683	1.0035	-0.4012	0.093525
20100111	-0.8822	0.7762	-1.6311	-1.272	-1.047	1.122	0.3616
20100112	-1.1375	0.5456	-1.7219	-0.6607	0.7955	-0.4979	0.124825
20100113	1.4105	-0.1117	1.525	0.9312	-0.2145	-0.4003	0.26885
20100114	-0.5792	0.0959	-0.8629	2.0099	1.5972	0.0144	-0.072875
20100115	-1.6712	-0.5906	-1.354	-0.323	-0.4006	-0.818	-0.86075
20100119	4.4238	1.9268	1.3399	0.7777	1.7909	0.2315	2.55105
20100120	-1.5416	-0.7404	0.5805	-1.656	-2.9	-1.7901	-0.9407
20100121	-1.7254	0.3015	-1.8596	-1.88	-0.9597	-1.955	-0.205225
20100122	-4.9608	0.3006	-2.0582	-3.4988	-2.7132	-0.8995	-1.01475
20100125	2.6928	-0.4733	-0.2001	1.2431	0.494	-0.3782	0.318225
20100126	1.4108	1.1412	-0.869	0.6139	-0.2934	0.1063	1.2086
20100127	0.944	-0.1254	-1.1463	0.5763	0.4612	-0.5765	0.14195
20100128	-4.134	-1.4122	0.1023	-1.7189	-2.0423	-0.885	-2.09265
20100129	-3.6264	-0.6366	0.6814	-3.3608	-1.099	-0.8159	-1.38405
20100201	1.3886	2.3386	-0.1015	0.8162	1.8629	2.7161	2.1011
20100202	0.5803	0.2191	1.5583	0.176	0.6898	1.1786	0.3094
20100203	1.7206	1.8429	2.5684	0.5973	0.1036	-0.5376	1.812325
20100204	-3.6039	-1.7635	-3.5122	-2.7593	-2.1168	-2.8228	-2.2236
20100205	1.7756	-1.0771	-0.4382	0.6466	0.4228	0.1236	-0.363925
20100208	-0.6856	-0.7101	-0.2031	-1.0707	-0.8824	-0.0463	-0.703975
20100209	1.0664	1.0331	1.2212	1.0462	1.0912	1.3209	1.041425
20100210	-0.5474	-0.5034	0.6367	-0.0714	-0.3247	-0.5368	-0.5144
20100211	1.8215	0.8538	0.4329	0.4645	0.7491	0.6014	1.095725
20100212	0.8607	-0.3135	-0.2984	-0.6757	0.2182	-0.6744	-0.01995
20100216	1.5071	0.6605	1.3302	1.9692	0.9919	2.2839	0.87215
20100217	-0.4179	0.3906	1.28	0.8466	0.8784	-0.7845	0.188475
20100218	0.1866	0.3424	0.5185	1.3256	1.1715	0.3041	0.30345
20100219	-0.6199	0.4032	0.677	-0.6869	-0.4851	-0.1364	0.147425
20100222	-0.6218	0.0463	-0.3522	-0.139	-0.2673	-0.7135	-0.120725
20100223	-1.675	0.1544	-0.6427	-1.3923	-0.3074	-0.7034	-0.30295
20100224	1.8253	0.6012	1.52	1.0589	0.8936	0.9393	0.907225
20100225	0.6698	-0.5057	-0.0956	-0.1048	-0.4076	-0.6255	-0.211825
20100226	1.297	-0.8232	-0.3827	0.2448	0.0708	-0.2149	-0.29315
20100301	2.1357	0.2036	0.9603	1.2208	1.1088	0.6154	0.686625
20100302	-0.067	0.1407	1.078	-1.9297	-0.8945	0.1376	0.088775
20100303	0.2298	-0.6867	-0.7528	0	-0.4238	-0.0916	-0.457575
20100304	0.6592	-0.3143	2.9393	0.5973	-0.1261	-0.0458	-0.070925
20100305	3.9106	0.3784	1.9957	-0.1484	0.4182	1.6361	1.26145
20100308	0.0594	2.2774	-0.0903	0.1487	-0.6601	0.015	1.7229
20100309	1.7984	-0.0307	0.3616	0.5938	-0.6803	0.4513	0.426575
20100310	0.8161	-0.2458	0.06	0.5903	0.0558	0.6589	0.019675
20100311	0.2935	0.4158	1.4401	0.7249	1.5762	0	0.385225
20100312	0.4878	0.4907	-0.3549	0.3084	0.2665	-0.6248	0.489975
20100315	-1.218	0.6104	0.0891	0.0683	-0.086	-0.7485	0.1533
20100316	0.2725	0.2123	0.089	0.2731	0.6571	0.4072	0.22735
20100317	-0.147	0.4692	0	0.8853	-0.7072	1.1867	0.31515
20100318	0.2365	0.4519	0.0889	-0.0675	0.4853	0.0445	0.39805
20100319	-1.0684	-0.225	-0.4144	-0.0675	-0.5219	-0.5194	-0.43585
20100322	1.1249	0.7215	0.9215	0.0338	0.2114	-0.1044	0.82235
20100323	1.6062	0.5074	0.1767	0.9459	1.0861	-0.0299	0.7821
20100324	0.4423	-0.8166	1.1173	-0.7697	-0.6493	-0.6721	-0.501875
20100325	-1.1859	0.1497	2.0355	1.2142	0.5524	-0.3007	-0.1842
20100326	1.8751	0.5381	0.627	-1.1663	0.0155	0.362	0.87235
20100329	0.6453	-0.2825	-0.4248	-0.236	-0.5183	1.1422	-0.05055
20100330	1.4867	0.2535	-0.1707	0.6083	0.14	-0.3715	0.5618
20100331	-0.3583	-0.7733	-0.5413	-1.6208	-0.4038	-0.1044	-0.66955
20100401	0.4128	1.289	1.8333	-0.4353	0	0.9406	1.06995
20100405	1.0679	0.6659	-0.9283	0.3772	0.8577	0.8579	0.7664
20100406	0.4403	-0.3234	0.7098	0.1708	-0.3247	-0.4253	-0.132475
20100407	0.4425	-0.1622	-0.4229	0.1023	-0.349	-0.8247	-0.011025
20100408	-0.2702	1.5657	0.9909	1.9421	-0.6771	0.7722	1.106725
20100409	0.7668	-0.1163	1.5419	1.4037	0.9012	1.3263	0.104475
20100412	0.2068	-0.2184	-0.9111	-0.0659	-0.3107	-0.0727	-0.1121
20100413	0.0578	0.5691	-0.1393	0.4288	0.522	-0.0728	0.441275
20100414	1.3447	0.7255	1.0045	1.2151	1.7205	-0.0728	0.8803
20100415	1.3147	-0.3745	0.5525	0.1622	-0.2743	-0.5101	0.0478
20100416	-0.6106	-0.188	-1.5659	-0.6479	-0.1986	-0.4834	-0.29365
20100419	-0.1334	1.2893	0.9489	1.2031	1.2248	0.4416	0.933625
20100420	-1.0038	0.6007	1.023	1.0342	-1.9209	1.0846	0.199575
20100421	5.9814	0.0284	0.0547	-0.0893	-0.5397	-0.0725	1.51665
20100422	2.7967	0.9522	0.6017	0.1851	0.1085	-0.5223	1.413325
20100423	1.6364	0.1689	0.0272	-1.3699	0.666	0.9918	0.535775
20100426	-0.4911	-0.1827	0.6795	0.4845	0.5693	0.0722	-0.2598
20100427	-2.7681	-0.6899	-1.9438	-0.8518	-1.461	-1.4721	-1.20945
20100428	-0.1679	-0.2694	-0.0826	0.2107	0.9936	1.3476	-0.244025
20100429	2.6911	1.6776	2.5627	0.3009	0.2767	-0.766	1.930975
20100430	-2.8105	-1.3003	-1.021	-1.5095	-1.1191	-1.2963	-1.67785
20100503	2.0146	1.1758	1.9544	1.0644	0.4651	0.1033	1.3855
20100504	-2.8797	-1.0921	-2.5825	-2.3655	-1.142	-2.0195	-1.539
20100505	-1.0418	0.0283	-3.4162	-0.9293	-0.5151	-0.4513	-0.239225
20100506	-3.803	-1.7549	-3.7634	-2.9146	-2.2674	-3.4457	-2.266925
20100507	-4.2193	-2.0311	-1.7642	-2.657	-1.4687	-0.2974	-2.57815
20100510	7.6868	3.7789	5.6271	2.5877	3.4152	2.4019	4.755875
20100511	0.9961	-0.1417	1.3318	-0.2073	0.491	-0.5059	0.14275
20100512	2.1714	0.2696	-1.7617	1.9391	4.563	0.6981	0.74505
20100513	-1.4232	-0.2406	-1.0817	-0.6794	-0.9044	-0.2619	-0.53625
20100514	-1.7572	-1.2908	-1.9856	-1.0602	-0.2206	-1.7609	-1.4074
20100517	0.1576	0.7903	0.411	0.0346	-0.5717	-0.5189	0.632125
20100518	-0.7316	-0.1711	-1.3743	-0.7343	-0.3757	-0.7587	-0.311225
20100519	-1.593	-0.8855	-1.008	-1.2501	-0.8388	-0.5415	-1.062375
20100520	-4.2603	-2.5072	-4.1929	-4.0014	-3.9267	-3.3947	-2.945475
20100521	1.9179	0.2956	2.7509	-0.9959	1.3086	0.9117	0.701175
20100524	1.8323	-0.2947	-1.1865	-2.1237	-0.7734	-1.1334	0.23705
20100525	-0.6241	0.266	-0.4926	-0.7613	0.0562	-0.7975	0.043475
20100526	-0.4531	-2.6975	2.3205	-4.066	-1.036	-0.6699	-2.1364
20100527	3.7856	2.636	3.9311	3.9584	2.5643	3.625	2.9234
20100528	1.3933	-0.4911	-2.764	-0.7692	-0.8941	-1.6271	-0.02
20100601	1.5377	-0.7627	-0.2693	0.3488	-0.7345	-2.0013	-0.1876
20100602	1.1962	2.1248	4.2304	2.2016	2.469	2.5654	1.89265
20100603	-0.3145	0.118	-0.0864	1.5117	0.4317	1.3	0.009875
20100604	-2.7193	-1.6949	-2.9386	-3.9836	-2.0944	-3.3057	-1.951
20100607	-1.9632	0.075	-1.9293	-1.9387	-0.9179	-0.378	-0.43455
20100608	-0.6416	2.4345	0.3329	-0.7117	-0.3303	3.2715	1.665475
20100609	-2.4586	-0.1682	-0.6335	-1.2744	0.1455	-1.9758	-0.7408
20100610	3.0058	1.6261	3.5519	0.8471	3.0508	3.0985	1.971025
20100611	1.1976	0.2451	0.3811	2.64	0.6031	-0.0485	0.483225
20100614	0.3037	-0.3451	-0.9054	-0.643	0.0389	-0.7921	-0.1829
20100615	2.1276	1.5873	3.1241	4.2655	1.0039	1.8576	1.722375
20100616	2.9112	-0.1563	-0.5716	-0.9875	0.4315	0	0.610575
20100617	1.7287	-0.3414	0.8048	0.19	0.4833	0.144	0.176125
20100618	0.8107	-0.2427	0.2281	0.2655	-0.6337	0.7987	0.02065
20100621	-1.4244	0.0572	-0.256	-1.8533	0.3842	0.0475	-0.3132
20100622	1.3621	-1.8307	-2.0251	-0.6936	-1.0333	-1.885	-1.0325
20100623	-1.0517	-0.0146	-0.0291	-1.7928	0.6264	-1.3562	-0.273875
20100624	-0.727	-1.3114	-2.1549	-1.217	-1.4757	-1.6858	-1.1653
20100625	-0.855	-0.4577	-0.3571	-1.87	-0.8347	-1.6148	-0.557025
20100628	0.5999	-0.1335	-0.7766	-0.907	1.4632	-1.066	0.04985
20100629	-4.521	-1.2921	-2.7694	-4.1135	-3.016	-2.0181	-2.099325
20100630	-1.8113	-0.8877	-2.4768	-1.287	-1.2871	-0.384	-1.1186
20100701	-1.2126	1.2752	-0.0317	0.6519	-0.737	-0.806	0.65325
20100702	-0.6198	-0.8544	-0.3493	0.475	-0.5793	-0.0707	-0.79575
20100706	0.6844	-0.0454	1.0835	2.3636	1.313	1.5733	0.13705
20100707	4.0361	1.8152	4.4767	2.0151	2.8673	1.6881	2.370425
20100708	-0.2223	2.5405	0.6035	0.4506	0.7638	0.6504	1.8498
20100709	0.5928	0.2898	1.2298	-0.5715	-0.0078	-0.051	0.36555
20100712	-0.8994	1.0402	0.0593	2.3074	0.5549	0.2722	0.5553
20100713	-2.1327	1.2868	2.0136	1.2082	1.4067	0.8144	0.431925
20100714	0.3689	0.0847	-0.6096	1.2336	0.1839	-0.2693	0.15575
20100715	-0.5053	0.6065	-0.5549	0.2752	0	0.0169	0.32855
20100716	-0.6164	-1.9487	-2.9956	-2.4304	-2.0578	-2.2102	-1.615625
20100719	-1.7287	-0.0429	0.8477	1.366	1.3747	0.8109	-0.46435
20100720	2.5694	1.3732	0.2702	0.9909	-2.4963	0.89	1.67225
20100721	0.9329	-1.0724	-1.7665	-1.4129	-1.0115	-1.3232	-0.571075
20100722	1.8817	1.84	2.3773	2.8662	1.7562	2.0801	1.850425
20100723	0.3536	-2.1008	1.6076	-0.1161	0.7139	0.5726	-1.4872
20100726	-0.2539	1.3877	0.7911	1.1236	0.0234	1.1219	0.9773
20100727	1.8513	-0.6632	-0.3488	0.2299	0.1713	0.6955	-0.034575
20100728	-1.1815	-0.8949	-0.7001	-0.8027	-0.1555	0.1644	-0.96655
20100729	-1.0921	-0.559	-0.9695	0.3083	-0.3192	-0.9358	-0.692275
20100730	-0.3332	0.5045	-0.0593	-0.8452	0.2968	-1.0938	0.295075
20100802	1.7881	0.7457	2.3449	2.0147	1.838	3.7869	1.0063
20100803	0.0305	0.2847	-0.7831	-0.6457	-0.2983	1.2593	0.22115
20100804	0.4009	0.3407	1.8123	-1.6437	0.6903	0	0.35575
20100805	-0.4867	-0.3395	0.4307	-1.3991	0.4266	-0.0159	-0.3763
20100806	-0.6148	1.8311	0.0572	0.7095	-0.7889	-1.18	1.219625
20100809	0.6379	1.6448	0.4571	0.2348	1.4292	0.7746	1.393075
20100810	-0.894	-0.1097	0.3697	-2.1086	-0.1212	-0.8327	-0.305775
20100811	-3.5542	-1.7435	-3.032	-0.8377	-1.5246	-1.7762	-2.196175
20100812	0.6395	0.6846	-0.6721	-1.4883	-1.1785	-0.2649	0.673325
20100813	-1.0683	-0.2359	-0.912	-0.3675	-0.3352	-0.5313	-0.444
20100816	-0.5861	-0.1391	-0.0594	0.4098	-0.0782	-0.0501	-0.25085
20100817	1.7485	1.9919	0.2971	1.3878	0.5322	1.5698	1.93105
20100818	0.4366	0.041	0.4443	0.4452	0.7338	-1.1016	0.1399
20100819	-1.2605	-0.3823	-2.1233	-1.531	-0.3806	-1.4298	-0.60185
20100820	-0.096	0.1507	-0.4218	-0.8593	-1.0861	-0.6747	0.089025
20100823	-1.5382	0.3558	-0.3631	0.2064	-0.8078	1.0358	-0.1177
20100824	-2.3881	-0.8454	-2.399	-0.9885	-1.2414	-0.9412	-1.231075
20100825	1.2337	0.6463	-0.0933	0.2496	0.2962	-0.0509	0.79315
20100826	-1.0746	-0.041	-0.5294	-1.1618	-1.9877	-0.7299	-0.2994
20100827	0.5577	1.1345	2.6299	0.4618	1.5882	2.2572	0.9903
20100830	0.3642	-0.9461	-1.3118	-1.2119	-1.0663	-1.3378	-0.618525
20100831	0.2474	0.4399	0.5873	-0.7403	-0.2188	0.1864	0.391775
20100901	2.9741	2.0257	2.9809	1.8538	2.1441	3.0452	2.2628
20100902	0.735	0.6439	1.1937	0.1674	-0.5804	0.2463	0.666675
20100903	2.6173	0.0933	2.2412	1.462	2.0314	0.4258	0.7243
20100907	-0.371	0.9455	-2.394	-1.3586	-1.2776	-1.2557	0.616375
20100908	1.9821	0.3694	0	-0.1252	0.1032	0.3303	0.772575
20100909	0.057	-2.2476	0.7092	0.3343	0.2221	0.4938	-1.67145
20100910	0.1292	0.8606	0.2054	-0.6664	1.29	0.2457	0.67775
20100913	1.3781	-0.5866	0.3514	5.283	1.2657	-0.3268	-0.095425
20100914	0.382	-0.8448	-0.642	-0.3186	-0.5864	0.0164	-0.5381
20100915	0.8058	1.0414	0.4699	0.3396	0.4501	-0.0164	0.9825
20100916	2.3499	0.1205	-0.1169	0.8561	0.1854	-0.0492	0.67785
20100917	-0.4339	-0.6417	1.1414	-0.4343	0.401	-0.3116	-0.58975
20100920	2.8543	1.063	0.9838	0.8327	1.229	1.2669	1.510825
20100921	0.1907	0.5326	-1.1461	-1.1011	0.1442	-0.0162	0.447125
20100922	1.4025	-0.5033	-1.4783	-2.1471	0.447	-0.1462	-0.02685
20100923	0.4066	-0.6522	-2.5596	-0.7314	-0.6789	-0.4882	-0.3875
20100924	1.1768	0.6163	1.3889	1.4122	1.8531	0.9812	0.756425
20100927	-0.3955	-0.4527	-0.8636	-0.1715	0.4026	-0.0648	-0.4384
20100928	-1.4782	-0.1739	-0.2103	-0.2224	0.1782	0.5672	-0.499975
20100929	0.1778	-0.2412	-0.6322	-0.7193	0.4374	-0.7573	-0.13645
20100930	-1.2597	0.0806	0.2726	-0.0408	-0.9891	0.3247	-0.254475
20101001	-0.4335	0.5503	0.7251	-0.4492	1.1182	1.2138	0.30435
20101004	-1.3733	0.04	-0.5999	-1.9278	-0.2875	-0.5596	-0.313325
20101005	3.6965	1.1608	2.0821	1.8402	1.7819	1.7205	1.794725
20101006	0.0865	-0.3429	-0.3252	0.3285	0.1308	1.0749	-0.23555
20101007	0.0104	0.397	0.5635	0.4093	0.6384	-0.1408	0.30035
20101008	1.6769	0.3164	1.7694	0.1631	0.0937	0.8301	0.656525
20101011	0.4387	-0.6702	0.1739	0.0814	0.5834	0.2641	-0.392975
20101012	1.0767	-0.0132	-0.2603	0.976	0.136	0.2324	0.259275
20101013	0.5359	0.2249	1.2471	2.054	0.3718	0.5255	0.30265
20101014	0.723	1.703	-0.1719	-0.4341	0.805	0.3998	1.458
20101015	4.1117	0.5711	0.0861	1.2287	-0.311	-0.1685	1.45625
20101018	1.0358	-0.2065	-0.3727	1.0963	1.2548	1.672	0.104075
20101019	-2.6761	-0.4268	-1.4676	-2.7885	-3.3606	-1.7501	-0.989125
20101020	0.336	0.5455	1.1098	0.8366	0.7535	1.3667	0.493125
20101021	-0.3253	1.3306	0.1733	0.4346	0.5465	0.4696	0.916625
20101022	-0.6623	0.1402	0.8362	-0.1672	-0.1144	0.0302	-0.060425
20101025	0.4456	0.191	1.4012	-0.7388	0.1217	-0.211	0.25465
20101026	-0.2558	0.0762	1.41	2.8186	0.5935	0.4985	-0.0068
20101027	-0.0714	-1.6252	-0.1112	0.5791	0.5403	-1.2927	-1.23675
20101028	-0.8414	0	1.6425	0.8829	-0.3747	0.8375	-0.21035
20101029	-1.3956	0.3743	-1.0545	1.465	1.9163	0.4077	-0.068175
20101101	1.0632	0.1414	-0.263	1.0688	-0.195	0.6918	0.37185
20101102	1.7029	0.6677	0.222	1.6326	0.3628	1.3293	0.9265
20101103	1.112	0.1275	0.4985	-1.3143	0.2294	0.1916	0.373625
20101104	1.7487	0.8662	2.0391	0.407	1.8173	2.0744	1.086825
20101105	-0.3582	0.1516	0.4591	-1.0685	0.0886	0.8936	0.02415
20101108	0.4698	0.0126	-0.3763	-0.149	0.1293	0.4571	0.1269
20101109	-0.7972	-0.2648	-0.5397	0.5222	-0.2185	1.0665	-0.3979
20101110	0.6169	0.5057	0.3527	-0.0371	0.2806	0.7079	0.5335
20101111	-0.4323	0.2516	-2.8724	-0.9651	-0.7643	0.9841	0.080625
20101112	-2.7238	-1.0665	5.0727	-1.5367	-1.1621	-1.1694	-1.480825
20101115	-0.323	0.279	-1.3245	-0.2665	-0.0696	-0.7184	0.1285
20101116	-1.7734	-2.0868	-0.8859	-0.8779	-0.9747	-2.185	-2.00845
20101117	-0.3614	1.2271	0.8126	-0.9299	-0.2039	0.1015	0.829975
20101118	2.6389	0.8294	0.9672	1.0461	1.6978	1.8838	1.281775
20101119	-0.5512	0.7846	-1.5168	-0.5709	0.478	0.3271	0.45065
20101122	2.1615	-0.1507	-0.1621	0.1557	0.2344	-0.4962	0.42735
20101123	-1.4775	-0.6413	-2.2463	-2.3708	-1.5201	-1.7239	-0.85035
20101124	1.9645	0.5949	2.0764	0.9952	1.8369	1.3047	0.9373
20101126	0.3065	-0.843	-0.4611	-0.1183	-1.1659	-0.8729	-0.555625
20101129	0.3515	0.0761	-0.7629	-0.1184	-0.8466	0.2599	0.14495
20101130	-1.8052	0.0511	0.2471	-0.2074	-1.0008	0.1584	-0.412975
20101201	1.6873	1.2644	1.6708	3.0981	2.0854	2.5446	1.370125
20101202	0.5531	0.1135	0.5927	3.2642	0.5332	0.2103	0.2234
20101203	-0.2232	0.4787	0.6695	0.4835	0.1378	-0.4057	0.303225
20101206	0.8537	-0.2257	-0.0798	-0.6662	-0.2683	0.1686	0.04415
20101207	-0.606	0.955	-0.6124	0.1118	-0.669	0.2104	0.56475
20101208	0.8799	-1.9915	-0.9644	1.3398	0.6666	0.5458	-1.27365
20101209	-0.3902	-1.4351	0.4598	-0.5509	-0.469	0.2088	-1.173875
20101210	0.251	-0.0644	-0.2178	0.9601	0.3604	0.25	0.01445
20101213	0.3463	-0.5802	1.2821	-0.3475	-0.3729	0.2494	-0.348575
20101214	-0.429	0	0.2963	1.3764	1.0674	-0.2488	-0.10725
20101215	0.0218	-0.1686	-0.7787	0.8327	-0.7544	-0.4572	-0.121
20101216	0.2778	-0.3507	0.1624	0.4937	-0.1175	0.515	-0.193575
20101217	-0.1992	0.1304	0.1081	-0.3037	0.3113	-0.0692	0.048
20101220	0.4991	0.1432	0.027	-0.3315	-0.3379	0.0693	0.232175
20101221	0.6192	-0.078	0.7285	0.9349	0.8512	0.6923	0.0963
20101222	0.2946	0.1952	1.6609	0.4186	0.1441	0.11	0.22005
20101223	-0.4798	-0.0649	-0.6588	0.3991	-0.0411	0.5494	-0.168625
20101227	0.3337	-0.6887	-0.5836	-0.8127	-0.377	-0.2596	-0.4331
20101228	0.2433	0	-0.3202	-0.2137	0.2546	0.5616	0.060825
20101229	-0.0553	0.7327	0.6424	-0.1428	0.5559	-0.0681	0.5357
20101230	-0.5011	-0.2987	-0.3191	-0.429	0.1024	-0.0136	-0.3493
20101231	-0.3399	0	0.08	0.2154	0.0614	-0.3272	-0.084975
20110103	2.1732	-0.2084	0.8264	0.2508	0.4906	1.9557	0.387
20110104	0.5219	-2.9896	3.0936	0.3842	0.1085	0.4695	-2.111725
20110105	0.818	0.471	2.4878	-0.3115	-0.3996	-0.267	0.55775
20110106	-0.0808	-0.6027	-0.7758	2.9286	1.0949	0.6426	-0.472225
20110107	0.7161	0.2156	-0.5044	-0.7634	-0.4911	0.5454	0.340725
20110110	1.8847	-1.0892	0.1267	-1.3287	-0.196	-0.6085	-0.345725
20110111	-0.238	0.4622	-0.2532	-0.3898	-0.2438	0.7454	0.28715
20110112	0.8137	-0.406	-0.5838	1.5653	1.2357	1.1758	-0.101075
20110113	0.3658	-1.2636	0.2298	-1.2609	-0.1878	0.1698	-0.85625
20110114	0.81	1.9128	0.0764	0.3902	0.7929	1.4731	1.6371
20110118	-2.2469	0.8372	0.2545	1.2721	0.4333	1.1177	0.066175
20110119	-0.5313	0.8972	-0.7616	-0.6629	3.3455	-0.5971	0.540075
20110120	-1.818	-0.2521	0.2047	-0.4127	0.0707	-0.6263	-0.643575
20110121	-1.7915	-0.1996	1.4552	-1.1727	-0.1926	1.582	-0.597575
20110124	3.2842	0.4933	0.5033	1.2848	2.656	-0.4938	1.191025
20110125	1.1705	0.1327	-0.2003	0.2467	1.1339	0.1145	0.39215
20110126	0.7176	-0.4107	-1.0537	1.1599	-0.2478	1.2456	-0.128625
20110127	-0.1861	-1.0909	0.0507	0.3127	0.0186	0.2762	-0.8647
20110128	-2.0716	-1.4391	-1.5459	-3.876	-1.1548	-1.1142	-1.597225
20110131	0.958	0.5322	0.0515	-0.0937	1.7524	2.1395	0.63865
20110201	1.6828	-0.2715	2.5984	0.9648	0.963	4.0035	0.217075
20110202	-0.2058	0.2314	1.5296	-0.1875	-0.159	-0.5959	0.1221
20110203	-0.2556	0.258	0.0247	-1.0379	0.1408	0.036	0.1296
20110204	0.891	0.298	0.5185	0.434	0.2874	-0.1918	0.44625
20110207	1.5527	-0.8103	0.565	1.5394	0.5	0.7805	-0.21955
20110208	0.9435	2.6004	0.5862	0.3014	1.1406	-0.6076	2.186175
20110209	0.8333	0.7564	5.2938	-1.1049	-0.8431	-0.5182	0.775625
20110210	-1.0107	-0.2239	-0.1153	-1.6804	-0.3401	0.7874	-0.4206
20110211	0.6515	0.5016	0.2309	-0.9091	-0.1463	-0.4567	0.539075
20110214	0.6529	0.1313	-0.3916	-0.0734	-0.3845	2.5235	0.2617
20110215	0.2005	-0.118	-0.3469	-0.404	-0.2328	-2.2848	-0.038375
20110216	0.8975	-0.1707	1.4156	0.2226	0.3439	0.8678	0.09635
20110217	-1.3301	-0.0526	0	0.7032	0.5141	0.227	-0.371975
20110218	-2.1602	0.1974	-0.3204	-0.5513	0.3653	0.7392	-0.392
20110222	-3.4088	-0.5648	-2.0891	-1.7369	-1.7532	1.1124	-1.2758
20110223	1.1843	-0.6737	-1.2192	0	-1.0929	1.9078	-0.2092
20110224	0.0759	0.0266	0.6883	0.6769	0.3683	-1.2633	0.038925
20110225	1.5399	-0.2127	1.2494	-0.8218	0.9392	-0.7328	0.22545
20110228	1.4505	1.6658	1.8394	0.113	-0.2465	0.2226	1.611975
20110301	-1.1042	-1.0439	-1.7147	-1.5801	-1.1799	-0.8535	-1.058975
20110302	0.8044	-0.2671	0.6978	-0.3154	0.1188	0.3302	0.000775
20110303	2.1129	2.0752	1.8018	0.4698	2.0729	0.8698	2.084625
20110304	0.1224	-0.2754	-1.1799	-0.9447	-1.0093	-0.8623	-0.17595
20110307	-1.2889	0.342	-1.217	-0.8959	-1.1741	-0.4231	-0.065725
20110308	0.1126	-0.9831	0.4184	0.7387	1.4694	-0.1416	-0.709175
20110309	-0.9248	0.3177	-0.1852	-0.0772	2.2061	-0.26	0.007075
20110310	-1.6455	1.1877	-1.5074	-1.854	-2.3152	-3.5553	0.4794
20110311	1.5346	0.0652	1.0831	1.0626	0.253	0.9093	0.43255
20110314	0.446	-1.3815	-1.6073	0.0389	-0.6403	0.3166	-0.924625
20110315	-2.2995	-0.7268	-1.4678	-1.1678	-1.4685	-1.2017	-1.119975
20110316	-4.464	-2.3163	-2.4507	-2.3631	-3.7857	-2.5556	-2.853225
20110317	1.403	0.0273	0.3941	-0.0403	0.7712	2.3326	0.371225
20110318	-1.1863	-0.5586	1.1531	0.0807	1.1091	-0.382	-0.715525
20110321	2.6098	1.0549	1.431	2.1371	1.1482	2.4613	1.443625
20110322	0.56	0.1491	-0.9087	-0.1382	0.2029	-0.338	0.251825
20110323	-0.5891	0.8935	1.9305	0.9686	0.9684	0.0485	0.52285
20110324	1.7041	0.5367	1.4678	1.0572	0.3197	0.1574	0.82855
20110325	1.9045	0.4271	0.2567	-0.7361	1.3372	1.0758	0.79645
20110328	-0.3129	-0.3322	-1.0472	-0.8197	-0.4994	-0.1794	-0.327375
20110329	0.1484	0.4933	0.9878	0.3148	0.9357	-0.2636	0.407075
20110330	-0.6639	0.5838	0.9548	0.4708	0.442	1.4895	0.271875
20110331	-0.0351	0.3693	-0.5998	-0.859	-0.324	-0.4261	0.2682
20110401	-1.1327	-0.1314	-0.557	0.3545	0.7359	0.6538	-0.381725
20110404	-0.9781	0.5264	-0.5134	0.2747	-0.0122	0.2244	0.150275
20110405	-0.6741	0.2749	-0.4692	0.9002	-0.1583	0.648	0.03765
20110406	-0.2508	0.1567	-0.3771	1.4352	0.0305	-0.281	0.054825
20110407	0.0118	-0.9254	-0.5441	0.1912	0.2073	0.6809	-0.6911
20110408	-0.8933	0.0395	-0.666	-0.4962	-0.2008	0.2215	-0.1937
20110411	-1.2714	0.2762	0.3113	-0.3452	-0.061	-0.9191	-0.1107
20110412	0.4837	0.5377	-0.6207	-1.3087	-0.427	-2.325	0.5242
20110413	1.1221	0.3	0.1681	-0.039	0.4288	-0.024	0.505525
20110414	-1.1037	0.2341	-1.6307	-0.8193	0.6221	0.3367	-0.10035
20110415	-1.4921	0.4022	1.2189	-0.1967	0.7517	1.0187	-0.071375
20110418	1.3406	-0.4911	-0.7707	-1.1431	-0.1624	-1.4118	-0.033175
20110419	1.8111	-0.5196	0.3641	0.2791	-0.3254	0.8424	0.063075
20110420	1.3467	2.35	1.6687	2.4254	-0.393	2.2076	2.099175
20110421	2.4199	-1.9005	0.5471	-0.9317	2.1426	0.829	-0.8204
20110425	0.6595	0.286	-0.8044	0.3527	-0.3625	-0.1621	0.379375
20110426	-0.7334	-0.2463	0.954	2.2647	0.4891	1.3918	-0.368075
20110427	-0.0771	1.2087	0.5906	0.7255	1.1158	0.4118	0.88725
20110428	-0.971	0.2055	1.0333	1.2509	0.2407	-0.5013	-0.088625
20110429	0.9748	0.3588	0.186	-2.9577	-0.1171	0.7328	0.5128
20110502	-1.0996	0.4214	0.3944	-1.0031	0.9204	-1.148	0.04115
20110503	0.5545	0.3815	-0.4622	0.5846	0.4182	-1.5523	0.42475
20110504	0.3935	0.1647	-1.0448	0.9686	-1.3016	-0.946	0.2219
20110505	-0.8067	-0.5944	0.1642	-1.0361	-1.266	-2.5822	-0.647475
20110506	-0.026	0.1272	0.8667	0.3102	0.7005	0.0847	0.0889
20110509	0.2712	0.7751	0.0929	-0.1546	0.1243	0.5926	0.649125
20110510	0.5322	0.5044	1.8794	-0.6194	0.7569	0.1923	0.51135
20110511	-0.6353	-0.2509	-5.443	-1.2076	-0.5165	-2.0998	-0.347
20110512	-0.1901	1.4464	0.1445	-0.1577	1.6165	-0.0863	1.037275
20110513	-1.7515	0.0992	-0.1443	-1.1453	-1.347	-0.2221	-0.363475
20110516	-2.1145	0.4954	-1.421	-1.8378	-0.6238	-0.779	-0.157075
20110517	0.8521	-0.2588	0.1955	0.4477	0.9712	0.2119	0.018925
20110518	1.1097	0.7043	0.9998	0.6933	-0.0352	1.654	0.80565
20110519	0.1942	1.2393	-0.0966	0.1013	0.088	0.7218	0.978025
20110520	-1.5593	-0.2182	0.29	-0.9104	-0.2521	-0.9231	-0.553475
20110523	-0.2446	0.2065	-0.8193	-1.3067	-1.1166	-1.1033	0.093725
20110524	-0.6609	0.1697	-0.1701	-0.0827	-0.1605	0.7686	-0.03795
20110525	1.3817	0.0968	0.0973	0.1656	-0.1429	0.8242	0.418025
20110526	-0.5285	-0.3506	-0.3404	1.9843	-0.3398	0.5246	-0.395075
20110527	0.7194	-0.2426	1.293	0.3648	0.1914	0.2913	-0.0021
20110531	3.0882	-0.098	0.2649	1.0097	0.8537	1.0166	0.69855
20110601	-0.667	-0.6868	-2.9546	-2.3191	-1.4029	-1.7252	-0.68185
20110602	0.1713	-0.284	-0.8416	-0.8596	-0.2822	-0.8533	-0.170175
20110603	-0.7691	-0.2601	-1.6975	-1.3006	-0.6262	-0.1844	-0.38735
20110606	-1.5723	0.1987	0.0508	0.4392	-0.1818	-1.0963	-0.24405
20110607	-1.7749	0.5452	-0.1269	0.2082	-0.6434	-0.3612	-0.034825
20110608	0.0602	0.0123	-0.305	-0.4987	0.3971	0.95	0.024275
20110609	-0.2257	0.1356	0.3569	0.0835	0.3042	0.5201	0.045275
20110610	-1.6863	-1.1076	-2.2098	-1.0643	-1.007	-1.7246	-1.252275
20110613	0.2148	0.4604	-0.3377	1.4132	-0.0061	-0.6894	0.399
20110614	1.7881	0.9166	0.5734	0.7487	0.5822	1.4515	1.134475
20110615	-1.7116	-0.2823	-0.5183	-1.9818	-1.0907	-2.1398	-0.639625
20110616	-0.4866	0.7016	-0.9898	1.0741	0.2094	0.7119	0.40455
20110617	-1.5069	0.8679	0.0789	1.1044	1.0881	-0.2525	0.2742
20110620	-1.5425	0.206	0.4995	0.8656	0.3527	0.8732	-0.231125
20110621	3.165	0.133	1.4387	1.1851	0.7272	1.0789	0.891
20110622	-0.8269	-0.1812	-1.212	-0.4443	-0.3249	-0.9309	-0.342625
20110623	2.672	-0.4356	-1.279	-0.0811	0.2656	-1.7289	0.3413
20110624	-1.4733	-0.5469	-0.6346	-1.3398	-0.6321	-2.1163	-0.7785
20110627	1.7435	0.5865	1.3039	3.7037	1.5448	1.4848	0.87575
20110628	0.9698	2.466	-0.394	2.3809	1.4258	2.1946	2.09195
20110629	-0.3639	0.2608	1.134	-0.6977	0.3117	0.7786	0.104625
20110630	0.488	-0.2956	1.7992	1.4832	0.5922	1.4081	-0.0997
20110701	2.2611	1.5773	1.7418	0.0769	1.7429	0.7742	1.74825
20110705	1.7975	-0.0117	0.6294	0.0384	0.5099	-0.4999	0.4406
20110706	0.6668	0.2569	-1.0008	1.1525	1.2997	-0.0368	0.359375
20110707	1.5465	0.2329	0.4296	1.6711	-0.6921	0.9685	0.5613
20110708	0.7027	-0.5345	0.4278	0.5603	0.0057	0.0728	-0.2252
20110711	-1.5874	-0.2921	-1.7289	-1.0773	-0.8499	-0.6309	-0.615925
20110712	-0.0706	-0.4218	-0.1785	-0.338	-0.5372	-0.0122	-0.334
20110713	1.2071	-0.0353	1.0473	0.3391	0.1551	0.7205	0.2753
20110714	-0.0698	1.0005	0.0506	-0.6008	-0.0516	-0.291	0.732925
20110715	1.9985	-0.3846	-0.7832	1.1711	0.7519	0.9241	0.211175
20110718	2.4334	-0.0936	-1.3242	-0.7095	-0.1481	-0.4217	0.53815
20110719	0.8159	0.9485	2.0387	3.5728	5.6652	1.1857	0.91535
20110720	2.6668	0.0696	-0.4552	-1.7429	-0.8423	-0.3946	0.7189
20110721	0.1008	0.313	3.5061	0.1293	0.6806	2.0648	0.25995
20110722	1.5518	2.3342	-0.2209	1.6055	0.1514	0.2352	2.1386
20110725	1.3221	-0.4968	-0.2214	1.3803	-0.7992	-0.7627	-0.042075
20110726	1.2321	-0.1135	-0.1233	0.6091	-0.4192	-0.2365	0.2229
20110727	-2.6821	-1.0566	-2.4438	-2.6709	-0.8637	-1.2564	-1.462975
20110728	-0.1961	-0.356	-0.3036	1.427	0.2481	-2.2206	-0.316025
20110729	-0.342	-0.3457	-1.9797	-1.1544	0.0275	-2.0501	-0.344775
20110801	1.6057	-0.1041	-0.4661	-0.4744	-0.6049	-0.2381	0.32335
20110802	-1.9761	-1.5395	-3.8241	-1.7235	-1.4938	-2.2111	-1.64865
20110803	0.9411	0.5643	1.2442	0.4478	0.4381	-0.1542	0.6585
20110804	-3.8719	-1.473	-5.557	-3.6404	-4.1101	-4.9923	-2.072725
20110805	-0.9937	0.9492	-0.4809	-1.0023	0.8747	1.3272	0.463475
20110808	-5.4628	-3.4908	-6.1114	-4.6729	-3.4744	-6.1882	-3.9838
20110809	5.8889	4.6888	5.056	4.4935	2.6411	2.0658	4.988825
20110810	-2.7593	-2.1871	-9.1066	-5.3948	-4.7301	-4.383	-2.33015
20110811	2.7523	2.6166	1.8389	4.0909	2.5778	5.2183	2.650525
20110812	0.8804	0.255	3.0199	-0.3573	0.8817	0.5868	0.41135
20110815	1.703	0.3699	1.6924	1.6335	2.8478	3.1806	0.703175
20110816	-0.7642	-0.1728	-0.6835	0	-1.0116	-1.0634	-0.32065
20110817	-0.0105	0.9577	-0.1496	-0.4142	0.1401	0.898	0.71565
20110818	-3.7825	-2.16	-2.4573	-2.2777	-4.4612	-4.342	-2.565625
20110819	-2.7373	1.8923	-2.1505	-2.5132	-3.8394	-1.607	0.7349
20110822	0.1152	0.6076	0.5338	-0.2911	0.9141	0.5444	0.4845
20110823	4.8143	2.0169	0.2811	3.0859	3.3589	4.9587	2.71625
20110824	0.6906	0.6702	1.2457	0.7282	1.4849	-0.1629	0.6753
20110825	-0.6539	-1.5755	-1.538	-1.3253	-0.7076	-2.4069	-1.3451
20110826	2.6383	1.3753	1.2184	2.7676	2.15	1.2122	1.69105
20110829	1.6659	0.9563	2.3457	2.3366	2.0575	2.0374	1.1337
20110830	0.0051	0.6609	1.2666	1.5093	-0.0637	-0.2833	0.49695
20110831	-1.3231	-0.4076	1.4294	1.4106	-0.3478	0.1488	-0.636475
20110901	-0.9874	-0.3761	-1.9965	-1.4662	-0.9191	-0.716	-0.528925
20110902	-1.8319	-1.088	-2.7561	-1.5643	-1.9668	-1.837	-1.273975
20110906	1.5212	-0.3031	-2.1565	-1.124	-1.1199	-1.3723	0.152975
20110907	1.1034	0.5292	2.7393	1.9208	1.3324	3.5137	0.67275
20110908	0.0547	-0.7616	-2.084	0.8462	-1.2312	-1.127	-0.557525
20110909	-1.7337	-4.0402	-2.8482	-1.8307	-2.348	-2.4856	-3.463575
20110912	0.6517	1.3642	0.8054	0.5827	0.6507	1.1688	1.186075
20110913	1.2318	-0.0812	0.5113	0.5794	0.6218	-0.2645	0.24705
20110914	1.2168	0.7315	2.6709	1.7665	2.3313	1.3817	0.852825
20110915	0.9401	1.5216	2.013	1.8491	1.7041	1.886	1.376225
20110916	1.9188	0.2498	-0.0911	0.4817	1.705	0.7296	0.66705
20110919	2.779	0.589	-1.2154	0.3319	0.0809	-1.1402	1.1365
20110920	0.4421	0.563	-0.6152	-0.8453	0.9184	0.4206	0.532775
20110921	-0.3168	-2.0043	-3.1879	-3.6694	-0.973	-2.7564	-1.582425
20110922	-2.504	-1.7482	-5.5307	-3.5783	-2.5431	-3.7933	-1.93715
20110923	0.6172	1.6048	0.9475	0	0.427	0.1011	1.3579
20110926	-0.2795	2.2548	1.5756	1.5164	3.053	3.4771	1.621225
20110927	-0.9698	0.4477	2.8383	0.9041	1.8337	1.6592	0.093325
20110928	-0.5635	-1.9055	-2.1823	-0.3701	-0.09	-1.1521	-1.57
20110929	-1.6221	0.852	0.5577	-0.4888	0.9124	2.5114	0.233475
20110930	-2.3683	-1.0813	-1.5987	-2.2004	-2.4	-1.6919	-1.40305
20111003	-1.7623	-2.0497	-3.8462	-1.4464	-0.9035	-2.0377	-1.97785
20111004	-0.5606	0.5348	2.9655	3.3021	0.8368	2.3612	0.26095
20111005	1.5436	-0.7516	5.5258	2.1705	1.2075	1.5378	-0.1778
20111006	-0.2327	1.4913	1.6503	1.7381	2.7368	-0.0811	1.0603
20111007	-2.006	0.1033	-1.0303	-0.3417	0.3853	-0.4466	-0.424025
20111010	5.1406	1.5023	4.1009	2.6286	2.3192	3.6977	2.411875
20111011	2.9526	0.9377	-1.1818	0.2227	-0.8681	-0.0131	1.441425
20111012	0.4747	-1.0969	3.5265	-0.1482	0.6054	1.1669	-0.704
20111013	1.5515	1.0751	-0.622	0.816	0.3761	-1.0238	1.1942
20111014	3.3225	0.7054	2.7422	0.3311	1.9859	2.2784	1.359675
20111017	-0.4763	-1.4232	-3.1332	-1.0634	-2.0679	-0.8194	-1.186475
20111018	0.5357	1.1053	1.6472	1.2231	-4.1213	1.833	0.9629
20111019	-5.594	-0.0223	-0.9723	-0.6591	-0.844	-0.5831	-1.415225
20111020	-0.8304	-0.6807	0.6843	-0.3317	-0.0789	0.357	-0.718125
20111021	-0.6172	3.7187	3.9007	0.4438	2.4711	1.8041	2.634725
20111024	3.2835	-0.3358	0.5973	0.1105	0.3414	0.0499	0.569025
20111025	-1.9716	-0.2608	-2.4314	-1.3976	-1.037	-0.9106	-0.6885
20111026	0.7115	0.0109	1.5648	-0.8206	0.8927	2.0519	0.18605
20111027	1.021	1.8849	3.5093	2.4821	2.1487	0.9991	1.668925
20111028	0.0642	-0.2353	-0.1929	-0.9908	0.8446	-0.4885	-0.160425
20111031	-0.042	-0.4717	-3.673	-1.2973	-1.5044	-4.1605	-0.364275
20111101	-2.0431	-1.0124	-3.6697	-2.4033	-1.7765	-2.7532	-1.270075
20111102	0.227	0.6746	1.3988	0.077	1.4171	1.8831	0.5627
20111103	1.4242	0.5079	2.8177	1.9992	1.8378	1.9258	0.736975
20111104	-0.7021	0.871	-0.7708	-1.0554	-0.4912	-0.4311	0.477725
20111107	-0.1274	0.8635	1.122	2.0952	0.5043	1.0571	0.615775
20111108	1.6261	-0.0211	0.3983	1.3433	0.363	1.109	0.3907
20111109	-2.6955	-2.0613	-4.2505	-3.5346	-2.6756	-2.9714	-2.21985
20111110	-2.545	0.6584	2.5155	0.3053	0.6091	1.6927	-0.14245
20111111	-0.1558	1.6084	5.9469	2.3973	2.198	1.2961	1.16735
20111114	-1.3936	-0.7387	-1.5804	-0.5574	-0.016	-0.9533	-0.902425
20111115	2.5233	0.4359	0.9136	0.6726	0.7473	0.1646	0.95775
20111116	-1.0442	-1.3973	-2.524	-2.5056	-1.1285	-1.0621	-1.309025
20111117	-1.9128	-0.9232	-1.0695	-2.033	-0.4769	-0.4984	-1.1706
20111118	-0.6545	0.4876	1.3656	-0.9397	-0.2638	0.0514	0.202075
20111121	-1.5816	-0.496	-3.6486	-1.1858	-2.0298	-1.2709	-0.7674
20111122	2.0325	0.401	-0.903	-0.84	-0.0937	-1.1442	0.808875
20111123	-2.5285	-0.8419	-1.8225	-1.2908	-1.8532	-1.9071	-1.26355
20111125	-0.9319	0.2503	0.3293	-0.6947	-0.5001	-0.9118	-0.04525
20111128	3.4519	1.8024	1.6711	2.3457	2.9086	2.6252	2.214775
20111129	-0.7763	0.4266	-0.2055	-0.1206	-0.697	1.4372	0.125875
20111130	2.4116	2.2041	5.4412	2.9791	3.9018	4.5626	2.255975
20111201	1.4992	-0.0209	0.3905	-1.1728	0.7713	-0.8081	0.359125
20111202	0.4563	0.2094	1.7227	-0.2373	0.1109	0	0.271125
20111205	0.8494	-0.3657	0.9014	1.9033	0.6222	0.8272	-0.061925
20111206	-0.5242	0.6922	-0.2978	-0.1556	1.1004	0.4599	0.3881
20111207	-0.4758	0.4583	0.7331	-0.2338	0.5753	0.3217	0.224775
20111208	0.4035	0.4873	-3.1806	-0.7813	-1.2729	-1.4924	0.46635
20111209	0.7577	1.1453	1.7817	1.1811	1.5555	1.8405	1.0484
20111212	-0.4522	0.459	0.2462	-0.7393	-1.2233	-1.5859	0.2312
20111213	-0.7733	-0.4874	-0.8731	0.98	-0.536	0.5996	-0.558875
20111214	-2.217	-0.398	-1.569	-0.6599	-1.2712	-1.3535	-0.85275
20111215	-0.3288	0.543	0.0853	-0.1172	-0.6571	0.7427	0.32505
20111216	0.5489	-0.6623	0.3694	1.7214	-2.0855	0.1624	-0.3595
20111219	0.3123	-0.2564	-1.6138	-1.8077	-0.3704	-0.7859	-0.114225
20111220	3.5949	1.6248	4.0863	1.9389	2.3785	3.1057	2.117325
20111221	0.125	0.3845	0.2765	-1.0182	-3.0816	1.3659	0.319625
20111222	0.531	-0.6048	1.8748	0.1941	0.3141	1.4076	-0.32085
20111223	1.1993	1.572	2.0298	0.8524	1.4887	1.1033	1.478825
20111227	0.7934	0.3994	-0.2387	0.0384	0.1083	0.0704	0.4979
20111228	-0.9569	-0.9647	-0.9838	-0.8449	-0.5191	-1.2899	-0.96275
20111229	0.6159	1.2352	1.2621	0.7746	1.1903	1.2948	1.080375
20111230	-0.0296	-0.4761	-0.5569	-0.2306	-1.2354	-0.5981	-0.364475
