Persons	Household Income	Log10(Income)
5	0	
1	0	
1	0	
3	1200	3.079181246
1	2000	3.301029996
4	2200	3.342422681
3	2380	3.376576957
6	3800	3.579783597
2	4400	3.643452677
2	4570	3.6599162
1	5700	3.755874856
1	6000	3.77815125
2	6000	3.77815125
1	6800	3.832508913
5	6800	3.832508913
2	7000	3.84509804
2	7200	3.857332496
1	7200	3.857332496
1	7500	3.875061263
1	7700	3.886490725
1	7700	3.886490725
2	7700	3.886490725
1	7800	3.892094603
3	8000	3.903089987
1	8000	3.903089987
1	8100	3.908485019
1	8100	3.908485019
1	8400	3.924279286
1	8400	3.924279286
1	8400	3.924279286
1	8400	3.924279286
1	8400	3.924279286
1	8600	3.934498451
4	8910	3.949877704
1	9000	3.954242509
2	9000	3.954242509
3	9100	3.959041392
1	9100	3.959041392
1	9200	3.963787827
1	9400	3.973127854
2	9400	3.973127854
2	10000	4
2	10200	4.008600172
1	10500	4.021189299
1	10700	4.029383778
2	10800	4.033423756
3	11000	4.041392685
2	11000	4.041392685
1	11200	4.049218023
4	11310	4.053462605
2	11350	4.054995862
4	12000	4.079181246
1	12000	4.079181246
1	12400	4.093421685
1	12700	4.103803721
1	13000	4.113943352
4	13000	4.113943352
3	13200	4.120573931
2	13300	4.123851641
1	13400	4.127104798
2	13400	4.127104798
5	13920	4.143639235
1	14000	4.146128036
2	14200	4.152288344
2	14350	4.156851901
1	14400	4.158362492
1	14400	4.158362492
1	15000	4.176091259
1	15000	4.176091259
1	15000	4.176091259
1	15000	4.176091259
6	15300	4.184691431
2	15400	4.187520721
2	15600	4.193124598
2	15600	4.193124598
1	15600	4.193124598
1	15600	4.193124598
2	15900	4.201397124
3	15900	4.201397124
3	16000	4.204119983
1	16000	4.204119983
1	16000	4.204119983
3	16370	4.214048679
2	16400	4.214843848
1	16500	4.217483944
1	16900	4.227886705
3	17000	4.230448921
1	17000	4.230448921
1	17000	4.230448921
1	17000	4.230448921
1	17000	4.230448921
3	17000	4.230448921
2	17100	4.23299611
1	17100	4.23299611
1	17200	4.235528447
2	17400	4.240549248
1	17900	4.252853031
1	18000	4.255272505
2	18000	4.255272505
1	18100	4.257678575
1	19000	4.278753601
1	19200	4.283301229
1	19600	4.292256071
1	20000	4.301029996
1	20050	4.302114377
4	20100	4.303196057
1	20300	4.307496038
1	20400	4.309630167
1	20400	4.309630167
1	20700	4.315970346
3	20800	4.318063335
2	20821	4.318501584
1	20900	4.320146286
2	20900	4.320146286
1	20900	4.320146286
2	21000	4.322219295
5	21300	4.328379603
1	21400	4.330413773
1	21800	4.338456494
2	22000	4.342422681
2	22300	4.348304863
1	22320	4.34869419
1	22800	4.357934847
1	22800	4.357934847
2	23300	4.367355921
2	23500	4.371067862
2	23500	4.371067862
1	23600	4.372912003
1	23800	4.376576957
2	24000	4.380211242
3	24000	4.380211242
2	24000	4.380211242
2	24000	4.380211242
1	24200	4.383815366
5	24200	4.383815366
4	24300	4.385606274
1	24400	4.387389826
2	24600	4.390935107
5	24650	4.391816924
4	24700	4.392696953
5	25000	4.397940009
1	25000	4.397940009
6	26200	4.418301291
2	26200	4.418301291
3	27000	4.431363764
4	27300	4.436162647
4	28600	4.456366033
1	28700	4.457881897
2	28700	4.457881897
3	29200	4.465382851
3	29300	4.46686762
1	29700	4.472756449
1	30000	4.477121255
1	30000	4.477121255
3	30320	4.481729197
3	30600	4.485721427
4	31000	4.491361694
4	31000	4.491361694
2	31300	4.495544338
1	31400	4.496929648
4	31500	4.498310554
5	32000	4.505149978
1	32000	4.505149978
1	32000	4.505149978
2	32300	4.509202522
1	32610	4.513350799
1	32700	4.514547753
2	32800	4.515873844
2	33000	4.51851394
2	33000	4.51851394
2	33000	4.51851394
1	33200	4.521138084
1	33300	4.522444234
2	33400	4.523746467
4	33600	4.526339277
4	33800	4.5289167
3	34000	4.531478917
4	34000	4.531478917
2	34000	4.531478917
1	34700	4.540329475
1	34800	4.541579244
1	35000	4.544068044
3	35000	4.544068044
2	35200	4.546542664
2	35600	4.551449998
2	35680	4.552424846
1	36000	4.556302501
1	36000	4.556302501
5	36420	4.561339942
2	36800	4.565847819
5	37000	4.568201724
4	37000	4.568201724
2	37500	4.574031268
1	37700	4.57634135
2	38000	4.579783597
1	38000	4.579783597
2	38700	4.587710965
2	39200	4.593286067
2	39900	4.600972896
2	40000	4.602059991
2	40000	4.602059991
2	40180	4.604009932
2	40600	4.608526034
1	41000	4.612783857
2	41200	4.614897216
2	42500	4.62838893
1	42500	4.62838893
2	43400	4.63748973
2	43600	4.639486489
1	43700	4.640481437
3	43820	4.641672373
1	44000	4.643452677
1	44000	4.643452677
5	44000	4.643452677
2	45300	4.656098202
3	45320	4.656289901
3	45400	4.657055853
2	45400	4.657055853
2	45400	4.657055853
4	46000	4.662757832
2	46000	4.662757832
2	46200	4.664641976
1	46800	4.670245853
2	46800	4.670245853
2	47450	4.676236217
2	47600	4.677606953
2	48000	4.681241237
3	48000	4.681241237
5	48320	4.684126926
3	48500	4.685741739
1	49500	4.694605199
2	49600	4.695481677
2	49800	4.697229343
1	50000	4.698970004
3	50000	4.698970004
2	50000	4.698970004
1	50000	4.698970004
2	50000	4.698970004
2	50130	4.700097705
5	50380	4.702258163
3	50400	4.702430536
6	50670	4.704750904
1	51000	4.707570176
4	51000	4.707570176
2	51400	4.710963119
1	52000	4.716003344
5	52000	4.716003344
2	52000	4.716003344
2	52300	4.718501689
3	53000	4.72427587
4	53000	4.72427587
2	53000	4.72427587
7	53610	4.729245807
5	55040	4.740678425
1	55050	4.740757323
2	56300	4.750508395
2	57000	4.755874856
9	57500	4.759667845
5	57600	4.760422483
3	58000	4.763427994
3	60000	4.77815125
1	60000	4.77815125
4	60200	4.779596491
2	60204	4.779625347
2	61000	4.785329835
4	61300	4.787460475
2	61500	4.788875116
2	61600	4.789580712
1	62000	4.79239169
5	62000	4.79239169
3	62500	4.795880017
2	63500	4.802773725
3	64000	4.806179974
3	64000	4.806179974
2	65100	4.813580989
4	65400	4.815577748
4	65500	4.8162413
2	65700	4.81756537
1	66030	4.819741297
2	66600	4.823474229
2	67000	4.826074803
5	67000	4.826074803
2	67000	4.826074803
2	67200	4.827369273
2	67500	4.829303773
6	67540	4.829561056
2	67810	4.831293744
5	69000	4.838849091
4	70000	4.84509804
1	70000	4.84509804
2	70300	4.846955325
2	70700	4.849419414
1	70770	4.849849196
5	71200	4.852479994
2	71600	4.854913022
2	72000	4.857332496
4	73000	4.86332286
2	74500	4.872156273
2	75000	4.875061263
3	75500	4.877946952
3	75700	4.87909588
2	76000	4.880813592
4	76000	4.880813592
5	76200	4.881954971
2	77000	4.886490725
3	77000	4.886490725
3	77270	4.888010912
2	77800	4.890979597
4	78500	4.894869657
2	78500	4.894869657
3	78500	4.894869657
2	79000	4.897627091
3	80000	4.903089987
3	80000	4.903089987
3	80000	4.903089987
4	80300	4.904715545
3	80400	4.905256049
2	81000	4.908485019
2	82000	4.913813852
2	82000	4.913813852
2	82800	4.918030337
4	82900	4.918554531
4	83000	4.919078092
3	83004	4.919099022
2	83600	4.922206277
3	84000	4.924279286
3	84000	4.924279286
3	85000	4.929418926
3	85000	4.929418926
2	85800	4.933487288
2	86000	4.934498451
6	87900	4.943988875
3	88000	4.944482672
2	88000	4.944482672
2	89000	4.949390007
2	89000	4.949390007
2	89300	4.950851459
4	90000	4.954242509
2	90000	4.954242509
4	90000	4.954242509
4	90700	4.957607287
5	90900	4.958563883
2	93200	4.969415912
2	93700	4.971739591
2	94700	4.976349979
2	95200	4.978636948
6	96000	4.982271233
2	96000	4.982271233
2	96900	4.986323777
4	97200	4.987666265
2	98000	4.991226076
4	98400	4.992995098
2	98500	4.993436231
6	100120	5.000520841
2	100800	5.003460532
4	100900	5.003891166
2	102600	5.011147361
2	103600	5.015359755
5	105000	5.021189299
5	112800	5.0523091
2	116500	5.066325925
4	117000	5.068185862
3	119000	5.075546961
2	121000	5.08278537
4	123040	5.090046323
3	123700	5.0923697
3	128200	5.107888025
2	129000	5.11058971
4	130300	5.114944416
4	132100	5.120902818
3	132410	5.121920786
3	132820	5.123263476
4	135200	5.130976692
4	135500	5.131939295
2	141000	5.149219113
2	143200	5.155943018
2	144200	5.15896526
1	148400	5.171433901
3	150000	5.176091259
3	150000	5.176091259
3	152000	5.181843588
3	155300	5.191171456
4	155800	5.192567453
2	163000	5.212187604
2	196600	5.293583514
2	198900	5.298634783
2	248000	5.394451681
5	310130	5.491543779
2	311000	5.492760389
2	316000	5.499687083
3	337000	5.527629901
4	426000	5.629409599
