Cal Date	Year	Month	Day	Pct Change Apple	Price Apple
20040102	2004	1	2	-0.4212	21.28
20040105	2004	1	5	4.1823	22.17
20040106	2004	1	6	-0.3608	22.09
20040107	2004	1	7	2.2635	22.59
20040108	2004	1	8	3.4086	23.36
20040109	2004	1	9	-1.5411	23
20040112	2004	1	12	3.1739	23.73
20040113	2004	1	13	1.6435	24.12
20040114	2004	1	14	0.3317	24.2
20040115	2004	1	15	-5.5785	22.85
20040116	2004	1	16	-0.5689	22.72
20040120	2004	1	20	0.044	22.73
20040121	2004	1	21	-0.5279	22.61
20040122	2004	1	22	-1.9018	22.18
20040123	2004	1	23	1.7133	22.56
20040126	2004	1	26	1.9947	23.01
20040127	2004	1	27	0.2608	23.07
20040128	2004	1	28	-2.384	22.52
20040129	2004	1	29	0.7105	22.68
20040130	2004	1	30	-0.5291	22.56
20040202	2004	2	2	-1.0638	22.32
20040203	2004	2	3	-0.2688	22.26
20040204	2004	2	4	-2.1114	21.79
20040205	2004	2	5	2.8912	22.42
20040206	2004	2	6	1.2935	22.71
20040209	2004	2	9	-0.1893	22.667
20040210	2004	2	10	1.3809	22.98
20040211	2004	2	11	3.5683	23.8
20040212	2004	2	12	-0.2941	23.73
20040213	2004	2	13	-3.0763	23
20040217	2004	2	17	0.6957	23.16
20040218	2004	2	18	0.4318	23.26
20040219	2004	2	19	-3.3964	22.47
20040220	2004	2	20	-0.3115	22.4
20040223	2004	2	23	-0.9375	22.19
20040224	2004	2	24	0.7661	22.36
20040225	2004	2	25	2.0125	22.81
20040226	2004	2	26	1.0083	23.04
20040227	2004	2	27	3.8194	23.92
20040301	2004	3	1	0.4181	24.02
20040302	2004	3	2	-0.8743	23.81
20040303	2004	3	3	0.462	23.92
20040304	2004	3	4	5.1839	25.16
20040305	2004	3	5	6.2798	26.74
20040308	2004	3	8	-2.7674	26
20040309	2004	3	9	4.2308	27.1
20040310	2004	3	10	2.1402	27.68
20040311	2004	3	11	-1.9147	27.15
20040312	2004	3	12	1.5101	27.56
20040315	2004	3	15	-4.0276	26.45
20040316	2004	3	16	-2.3819	25.82
20040317	2004	3	17	1.433	26.19
20040318	2004	3	18	-1.9855	25.67
20040319	2004	3	19	0.7402	25.86
20040322	2004	3	22	0	25.86
20040323	2004	3	23	-2.2042	25.29
20040324	2004	3	24	0.8304	25.5
20040325	2004	3	25	5.3726	26.87
20040326	2004	3	26	0.6327	27.04
20040329	2004	3	29	3.2175	27.91
20040330	2004	3	30	0.0358	27.92
20040331	2004	3	31	-3.1519	27.04
20040401	2004	4	1	0.2589	27.11
20040402	2004	4	2	1.4386	27.5
20040405	2004	4	5	2.9818	28.32
20040406	2004	4	6	-1.7302	27.83
20040407	2004	4	7	-1.8685	27.31
20040408	2004	4	8	0.8056	27.53
20040412	2004	4	12	1.8525	28.04
20040413	2004	4	13	-3.9586	26.93
20040414	2004	4	14	-1.0769	26.64
20040415	2004	4	15	9.985	29.3
20040416	2004	4	16	-0.4096	29.18
20040419	2004	4	19	-2.8444	28.35
20040420	2004	4	20	-2.187	27.73
20040421	2004	4	21	0	27.73
20040422	2004	4	22	0.1803	27.78
20040423	2004	4	23	-0.288	27.7
20040426	2004	4	26	-2.0578	27.13
20040427	2004	4	27	-0.7003	26.94
20040428	2004	4	28	-1.8189	26.45
20040429	2004	4	29	1.2098	26.77
20040430	2004	4	30	-3.6982	25.78
20040503	2004	5	3	1.1249	26.07
20040504	2004	5	4	0.2685	26.14
20040505	2004	5	5	1.951	26.65
20040506	2004	5	6	-0.2627	26.58
20040507	2004	5	7	0.3386	26.67
20040510	2004	5	10	-1.4623	26.28
20040511	2004	5	11	3.2724	27.14
20040512	2004	5	12	0.5895	27.3
20040513	2004	5	13	-0.4029	27.19
20040514	2004	5	14	-0.4781	27.06
20040517	2004	5	17	-1.5521	26.64
20040518	2004	5	18	1.5766	27.06
20040519	2004	5	19	-2.1803	26.47
20040520	2004	5	20	0.9067	26.71
20040521	2004	5	21	1.4976	27.11
20040524	2004	5	24	0.8484	27.34
20040525	2004	5	25	3.9137	28.41
20040526	2004	5	26	0.352	28.51
20040527	2004	5	27	-1.1926	28.17
20040528	2004	5	28	-0.3905	28.06
20040601	2004	6	1	0	28.06
20040602	2004	6	2	3.0649	28.92
20040603	2004	6	3	-1.7981	28.4
20040604	2004	6	4	1.338	28.78
20040607	2004	6	7	3.5789	29.81
20040608	2004	6	8	1.8115	30.35
20040609	2004	6	9	-0.4942	30.2
20040610	2004	6	10	1.7881	30.74
20040614	2004	6	14	-2.0169	30.12
20040615	2004	6	15	1.8924	30.69
20040616	2004	6	16	6.6797	32.74
20040617	2004	6	17	0.2138	32.81
20040618	2004	6	18	0.3048	32.91
20040621	2004	6	21	-1.7624	32.33
20040622	2004	6	22	2.0724	33
20040623	2004	6	23	2.1212	33.7
20040624	2004	6	24	-1.543	33.18
20040625	2004	6	25	1.5672	33.7
20040628	2004	6	28	-3.5905	32.49
20040629	2004	6	29	0.0308	32.5
20040630	2004	6	30	0.1231	32.54
20040701	2004	7	1	-0.7376	32.3
20040702	2004	7	2	-3.7771	31.08
20040706	2004	7	6	-0.4183	30.95
20040707	2004	7	7	-1.8094	30.39
20040708	2004	7	8	-0.8226	30.14
20040709	2004	7	9	-0.365	30.03
20040712	2004	7	12	-2.9637	29.14
20040713	2004	7	13	0.2745	29.22
20040714	2004	7	14	1.232	29.58
20040715	2004	7	15	11.3252	32.93
20040716	2004	7	16	-2.2168	32.2
20040719	2004	7	19	-0.7143	31.97
20040720	2004	7	20	0.7194	32.2
20040721	2004	7	21	-1.8012	31.62
20040722	2004	7	22	0.1898	31.68
20040723	2004	7	23	-3.0934	30.7
20040726	2004	7	26	1.8241	31.26
20040727	2004	7	27	3.7428	32.43
20040728	2004	7	28	-0.4934	32.27
20040729	2004	7	29	1.1466	32.64
20040730	2004	7	30	-0.9191	32.34
20040802	2004	8	2	-2.35	31.58
20040803	2004	8	3	-0.9183	31.29
20040804	2004	8	4	1.598	31.79
20040805	2004	8	5	-1.2583	31.39
20040806	2004	8	6	-5.129	29.78
20040809	2004	8	9	1.7461	30.3
20040810	2004	8	10	4.0264	31.52
20040811	2004	8	11	-1.618	31.01
20040812	2004	8	12	-2.0638	30.37
20040813	2004	8	13	1.5476	30.84
20040816	2004	8	16	-0.1946	30.78
20040817	2004	8	17	0.2924	30.87
20040818	2004	8	18	2.8183	31.74
20040819	2004	8	19	-3.2451	30.71
20040820	2004	8	20	0.2931	30.8
20040823	2004	8	23	0.9091	31.08
20040824	2004	8	24	2.7992	31.95
20040825	2004	8	25	3.4429	33.05
20040826	2004	8	26	4.8714	34.66
20040827	2004	8	27	-0.8944	34.35
20040830	2004	8	30	-0.6696	34.12
20040831	2004	8	31	1.0844	34.49
20040901	2004	9	1	3.9722	35.86
20040902	2004	9	2	-0.5577	35.66
20040903	2004	9	3	-1.2058	35.23
20040907	2004	9	7	1.5044	35.76
20040908	2004	9	8	1.6499	36.35
20040909	2004	9	9	-1.7882	35.7
20040910	2004	9	10	0.4762	35.87
20040913	2004	9	13	-0.7806	35.59
20040914	2004	9	14	-0.281	35.49
20040915	2004	9	15	-0.8171	35.2
20040916	2004	9	16	3.267	36.35
20040917	2004	9	17	2.1733	37.14
20040920	2004	9	20	1.5347	37.71
20040921	2004	9	21	0.7955	38.01
20040922	2004	9	22	-2.8677	36.92
20040923	2004	9	23	0.948	37.27
20040924	2004	9	24	0.0537	37.29
20040927	2004	9	27	0.6436	37.53
20040928	2004	9	28	1.3589	38.04
20040929	2004	9	29	1.6824	38.68
20040930	2004	9	30	0.181	38.75
20041001	2004	10	1	-0.2065	38.67
20041004	2004	10	4	0.3103	38.79
20041005	2004	10	5	1.4952	39.37
20041006	2004	10	6	3.2258	40.64
20041007	2004	10	7	-2.5098	39.62
20041008	2004	10	8	-1.4134	39.06
20041011	2004	10	11	-1.2033	38.59
20041012	2004	10	12	-0.7774	38.29
20041013	2004	10	13	3.813	39.75
20041014	2004	10	14	13.1572	44.98
20041015	2004	10	15	1.1561	45.5
20041018	2004	10	18	4.9451	47.75
20041019	2004	10	19	-0.6911	47.42
20041020	2004	10	20	0.1054	47.47
20041021	2004	10	21	0.9901	47.94
20041022	2004	10	22	-1.1055	47.41
20041025	2004	10	25	0.2953	47.55
20041026	2004	10	26	0.8833	47.97
20041027	2004	10	27	4.8572	50.3
20041028	2004	10	28	3.7575	52.19
20041029	2004	10	29	0.4024	52.4
20041101	2004	11	1	0.0954	52.45
20041102	2004	11	2	2.0019	53.5
20041103	2004	11	3	3.3832	55.31
20041104	2004	11	4	-1.5549	54.45
20041105	2004	11	5	0.4959	54.72
20041108	2004	11	8	-0.6213	54.38
20041109	2004	11	9	-0.6068	54.05
20041110	2004	11	10	1.2951	54.75
20041111	2004	11	11	1.0046	55.3
20041112	2004	11	12	0.3617	55.5
20041115	2004	11	15	-0.4685	55.24
20041116	2004	11	16	-0.5521	54.935
20041117	2004	11	17	-0.0637	54.9
20041118	2004	11	18	0.8925	55.39
20041119	2004	11	19	-0.3972	55.17
20041122	2004	11	22	11.2017	61.35
20041123	2004	11	23	-0.1304	61.27
20041124	2004	11	24	4.5373	64.05
20041126	2004	11	26	0.7806	64.55
20041129	2004	11	29	6.0263	68.44
20041130	2004	11	30	-2.031	67.05
20041201	2004	12	1	1.1037	67.79
20041202	2004	12	2	-3.8059	65.21
20041203	2004	12	3	-3.8798	62.68
20041206	2004	12	6	4.9458	65.78
20041207	2004	12	7	-4.3934	62.89
20041208	2004	12	8	0.6201	63.28
20041209	2004	12	9	1.122	63.99
20041210	2004	12	10	1.8128	65.15
20041213	2004	12	13	-0.3684	64.91
20041214	2004	12	14	0.5854	65.29
20041215	2004	12	15	-0.0459	65.26
20041216	2004	12	16	2.0472	66.596
20041217	2004	12	17	-2.4116	64.99
20041220	2004	12	20	-3.4928	62.72
20041221	2004	12	21	1.5466	63.69
20041222	2004	12	22	0.0942	63.75
20041223	2004	12	23	0.4078	64.01
20041227	2004	12	27	-1.3279	63.16
20041228	2004	12	28	1.6149	64.18
20041229	2004	12	29	0.4051	64.44
20041230	2004	12	30	0.5587	64.8
20041231	2004	12	31	-0.6173	64.4
20050103	2005	1	3	-1.7236	63.29
20050104	2005	1	4	1.027	63.94
20050105	2005	1	5	0.8758	64.5
20050106	2005	1	6	0.0775	64.55
20050107	2005	1	7	7.2812	69.25
20050110	2005	1	10	-0.4188	68.96
20050111	2005	1	11	-6.3805	64.56
20050112	2005	1	12	1.3941	65.46
20050113	2005	1	13	6.63	69.8
20050114	2005	1	14	0.5731	70.2
20050118	2005	1	18	0.641	70.65
20050119	2005	1	19	-1.0899	69.88
20050120	2005	1	20	0.83	70.46
20050121	2005	1	21	0.0426	70.49
20050124	2005	1	24	0.383	70.76
20050125	2005	1	25	1.8231	72.05
20050126	2005	1	26	0.2776	72.25
20050127	2005	1	27	0.5398	72.64
20050128	2005	1	28	1.8447	73.98
20050131	2005	1	31	3.947	76.9
20050201	2005	2	1	0.8192	77.53
20050202	2005	2	2	2.7086	79.63
20050203	2005	2	3	-2.2856	77.81
20050204	2005	2	4	1.3237	78.84
20050207	2005	2	7	0.1268	78.94
20050208	2005	2	8	2.4829	80.9
20050209	2005	2	9	-2.67	78.74
20050210	2005	2	10	-0.4826	78.36
20050211	2005	2	11	3.6371	81.21
20050214	2005	2	14	4.2113	84.63
20050215	2005	2	15	4.4665	88.41
20050216	2005	2	16	1.9455	90.13
20050217	2005	2	17	-2.5741	87.81
20050218	2005	2	18	-1.1388	86.81
20050222	2005	2	22	-1.7509	85.29
20050223	2005	2	23	3.4471	88.23
20050224	2005	2	24	0.7934	88.93
20050225	2005	2	25	0.0675	88.99
20050228	2005	2	28	0.8203	44.86
20050301	2005	3	1	-0.8025	44.5
20050302	2005	3	2	-0.8517	44.121
20050303	2005	3	3	-5.2832	41.79
20050304	2005	3	4	2.4408	42.81
20050307	2005	3	7	-0.1402	42.75
20050308	2005	3	8	-5.193	40.53
20050309	2005	3	9	-2.9114	39.35
20050310	2005	3	10	1.2198	39.83
20050311	2005	3	11	1.1047	40.27
20050314	2005	3	14	0.1242	40.32
20050315	2005	3	15	1.5873	40.96
20050316	2005	3	16	0.5371	41.18
20050317	2005	3	17	2.5983	42.25
20050318	2005	3	18	1.6805	42.96
20050321	2005	3	21	1.7225	43.7
20050322	2005	3	22	-1.9908	42.83
20050323	2005	3	23	-0.6538	42.55
20050324	2005	3	24	-0.1175	42.5
20050328	2005	3	28	0.0706	42.53
20050329	2005	3	29	-1.834	41.75
20050330	2005	3	30	2.515	42.8
20050331	2005	3	31	-2.6402	41.67
20050401	2005	4	1	-1.8718	40.89
20050404	2005	4	4	0.4891	41.09
20050405	2005	4	5	1.9469	41.89
20050406	2005	4	6	1.0504	42.33
20050407	2005	4	7	2.9057	43.56
20050408	2005	4	8	0.4132	43.74
20050411	2005	4	11	-4.161	41.92
20050412	2005	4	12	1.7653	42.66
20050413	2005	4	13	-3.7975	41.04
20050414	2005	4	14	-9.2105	37.26
20050415	2005	4	15	-5.1261	35.35
20050418	2005	4	18	0.7638	35.62
20050419	2005	4	19	4.1269	37.09
20050420	2005	4	20	-4.2599	35.51
20050421	2005	4	21	4.7029	37.18
20050422	2005	4	22	-4.5186	35.5
20050425	2005	4	25	4.169	36.98
20050426	2005	4	26	-2.1363	36.19
20050427	2005	4	27	-0.6632	35.95
20050428	2005	4	28	-1.1405	35.54
20050429	2005	4	29	1.4631	36.06
20050502	2005	5	2	1.0261	36.43
20050503	2005	5	3	-0.6039	36.21
20050504	2005	5	4	2.596	37.15
20050505	2005	5	5	-1.2651	36.68
20050506	2005	5	6	1.5267	37.24
20050509	2005	5	9	-0.725	36.97
20050510	2005	5	10	-1.4877	36.42
20050511	2005	5	11	-2.224	35.61
20050512	2005	5	12	-4.1561	34.13
20050513	2005	5	13	1.8752	34.77
20050516	2005	5	16	2.2433	35.55
20050517	2005	5	17	-0.5345	35.36
20050518	2005	5	18	1.3575	35.84
20050519	2005	5	19	4.7712	37.55
20050520	2005	5	20	0	37.55
20050523	2005	5	23	5.8855	39.76
20050524	2005	5	24	-0.1509	39.7
20050525	2005	5	25	0.2015	39.78
20050526	2005	5	26	2.4133	40.74
20050527	2005	5	27	-0.4418	40.56
20050531	2005	5	31	-1.9741	39.7593
20050601	2005	6	1	1.3599	40.3
20050602	2005	6	2	-0.6452	40.04
20050603	2005	6	3	-4.4955	38.24
20050606	2005	6	6	-0.8368	37.92
20050607	2005	6	7	-3.6392	36.54
20050608	2005	6	8	1.0399	36.92
20050609	2005	6	9	1.9773	37.65
20050610	2005	6	10	-4.8871	35.81
20050613	2005	6	13	0.2513	35.9
20050614	2005	6	14	0.2785	36
20050615	2005	6	15	3.1389	37.13
20050616	2005	6	16	2.2892	37.98
20050617	2005	6	17	0.8689	38.31
20050620	2005	6	20	-1.8272	37.61
20050621	2005	6	21	0.6647	37.86
20050622	2005	6	22	1.8225	38.55
20050623	2005	6	23	0.882	38.89
20050624	2005	6	24	-2.9056	37.76
20050627	2005	6	27	-1.7479	37.1
20050628	2005	6	28	0.566	37.31
20050629	2005	6	29	-2.5194	36.37
20050630	2005	6	30	1.2098	36.81
20050701	2005	7	1	-0.8422	36.5
20050705	2005	7	5	4.0548	37.98
20050706	2005	7	6	-1.5534	37.39
20050707	2005	7	7	0.6419	37.63
20050708	2005	7	8	1.6476	38.25
20050711	2005	7	11	-0.3922	38.1
20050712	2005	7	12	0.3675	38.24
20050713	2005	7	13	0.2876	38.35
20050714	2005	7	14	6.2582	40.75
20050715	2005	7	15	1.9632	41.55
20050718	2005	7	18	-0.1444	41.49
20050719	2005	7	19	4.0974	43.19
20050720	2005	7	20	1.0188	43.63
20050721	2005	7	21	-0.7793	43.29
20050722	2005	7	22	1.6401	44
20050725	2005	7	25	-0.4318	43.81
20050726	2005	7	26	-0.4109	43.63
20050727	2005	7	27	0.8251	43.99
20050728	2005	7	28	-0.4319	43.8
20050729	2005	7	29	-2.6256	42.65
20050801	2005	8	1	0.2345	42.75
20050802	2005	8	2	1.0292	43.19
20050803	2005	8	3	0.0695	43.22
20050804	2005	8	4	-1.18	42.71
20050805	2005	8	5	0.6556	42.99
20050808	2005	8	8	-0.7909	42.65
20050809	2005	8	9	2.7433	43.82
20050810	2005	8	10	-1.0041	43.38
20050811	2005	8	11	1.4292	44
20050812	2005	8	12	4.7727	46.1
20050815	2005	8	15	3.4273	47.68
20050816	2005	8	16	-2.9992	46.25
20050817	2005	8	17	1.9459	47.15
20050818	2005	8	18	-1.8028	46.3
20050819	2005	8	19	-1.0151	45.83
20050822	2005	8	22	0.0873	45.87
20050823	2005	8	23	-0.2834	45.74
20050824	2005	8	24	0.0656	45.77
20050825	2005	8	25	0.6336	46.06
20050826	2005	8	26	-0.6947	45.74
20050829	2005	8	29	0.2186	45.84
20050830	2005	8	30	1.5925	46.57
20050831	2005	8	31	0.6871	46.89
20050901	2005	9	1	-1.3436	46.26
20050902	2005	9	2	-0.0865	46.22
20050906	2005	9	6	5.582	48.8
20050907	2005	9	7	-0.2459	48.68
20050908	2005	9	8	2.2597	49.78
20050909	2005	9	9	3.0735	51.31
20050912	2005	9	12	0.1754	51.4
20050913	2005	9	13	-1.1284	50.82
20050914	2005	9	14	-2.381	49.61
20050915	2005	9	15	0.5241	49.87
20050916	2005	9	16	2.687	51.21
20050919	2005	9	19	2.7924	52.64
20050920	2005	9	20	1.0448	53.19
20050921	2005	9	21	-2.0305	52.11
20050922	2005	9	22	-0.403	51.9
20050923	2005	9	23	2.5048	53.2
20050926	2005	9	26	1.203	53.84
20050927	2005	9	27	-0.7429	53.44
20050928	2005	9	28	-4.4162	51.08
20050929	2005	9	29	2.4667	52.34
20050930	2005	9	30	2.4264	53.61
20051003	2005	10	3	1.5482	54.44
20051004	2005	10	4	-1.2674	53.75
20051005	2005	10	5	-1.8045	52.7801
20051006	2005	10	6	-2.0464	51.7
20051007	2005	10	7	-0.7737	51.3
20051010	2005	10	10	-1.8129	50.37
20051011	2005	10	11	2.4221	51.59
20051012	2005	10	12	-4.5358	49.25
20051013	2005	10	13	9.1168	53.74
20051014	2005	10	14	0.4838	54
20051017	2005	10	17	-1.037	53.44
20051018	2005	10	18	-2.3016	52.21
20051019	2005	10	19	5.2289	54.94
20051020	2005	10	20	2.1842	56.14
20051021	2005	10	21	-0.855	55.66
20051024	2005	10	24	2.0302	56.79
20051025	2005	10	25	-1.215	56.1
20051026	2005	10	26	1.6578	57.03
20051027	2005	10	27	-2.8406	55.41
20051028	2005	10	28	-1.6964	54.47
20051031	2005	10	31	5.7279	57.59
20051101	2005	11	1	-0.1563	57.5
20051102	2005	11	2	4.2609	59.95
20051103	2005	11	3	3.1691	61.8499
20051104	2005	11	4	-1.1316	61.15
20051107	2005	11	7	-1.5045	60.23
20051108	2005	11	8	-0.5479	59.9
20051109	2005	11	9	0.3506	60.11
20051110	2005	11	10	1.7801	61.18
20051111	2005	11	11	0.5884	61.54
20051114	2005	11	14	-0.1462	61.45
20051115	2005	11	15	1.3507	62.28
20051116	2005	11	16	4.2871	64.95
20051117	2005	11	17	-0.662	64.52
20051118	2005	11	18	0.062	64.56
20051121	2005	11	21	0.6196	64.96
20051122	2005	11	22	2.4015	66.52
20051123	2005	11	23	0.887	67.11
20051125	2005	11	25	3.3229	69.34
20051128	2005	11	28	0.4615	69.66
20051129	2005	11	29	-2.2395	68.1
20051130	2005	11	30	-0.4112	67.82
20051201	2005	12	1	5.5737	71.6001
20051202	2005	12	2	1.4384	72.63
20051205	2005	12	5	-1.1152	71.82
20051206	2005	12	6	3.105	74.05
20051207	2005	12	7	-0.1351	73.95
20051208	2005	12	8	0.1758	74.08
20051209	2005	12	9	0.3381	74.3305
20051212	2005	12	12	0.7796	74.91
20051213	2005	12	13	0.0934	74.98
20051214	2005	12	14	-3.9611	72.01
20051215	2005	12	15	0.2361	72.18
20051216	2005	12	16	-1.4824	71.11
20051219	2005	12	19	0.3797	71.38
20051220	2005	12	20	1.0227	72.11
20051221	2005	12	21	1.9276	73.5
20051222	2005	12	22	0.7075	74.02
20051223	2005	12	23	-0.9052	73.35
20051227	2005	12	27	1.1997	74.23
20051228	2005	12	28	-0.8891	73.57
20051229	2005	12	29	-2.8816	71.45
20051230	2005	12	30	0.6158	71.89
20060103	2006	1	3	3.9783	74.75
20060104	2006	1	4	0.2943	74.97
20060105	2006	1	5	-0.787	74.38
20060106	2006	1	6	2.5813	76.3
20060109	2006	1	9	-0.3277	76.05
20060110	2006	1	10	6.3248	80.86
20060111	2006	1	11	3.7596	83.9
20060112	2006	1	12	0.466	84.291
20060113	2006	1	13	1.541	85.5899
20060117	2006	1	17	-1.0279	84.7101
20060118	2006	1	18	-2.6207	82.4901
20060119	2006	1	19	-4.1885	79.035
20060120	2006	1	20	-3.7275	76.089
20060123	2006	1	23	2.0778	77.67
20060124	2006	1	24	-2.0986	76.04
20060125	2006	1	25	-2.4198	74.2
20060126	2006	1	26	-2.5202	72.33
20060127	2006	1	27	-0.4148	72.03
20060130	2006	1	30	4.1233	75
20060131	2006	1	31	0.68	75.51
20060201	2006	2	1	-0.1192	75.42
20060202	2006	2	2	-4.402	72.1
20060203	2006	2	3	-0.3509	71.847
20060206	2006	2	6	-6.3287	67.3
20060207	2006	2	7	0.4458	67.6
20060208	2006	2	8	1.7899	68.81
20060209	2006	2	9	-5.6097	64.95
20060210	2006	2	10	3.6336	67.31
20060213	2006	2	13	-3.8627	64.71
20060214	2006	2	14	4.5356	67.645
20060215	2006	2	15	2.3283	69.22
20060216	2006	2	16	1.9503	70.57
20060217	2006	2	17	-0.3968	70.29
20060221	2006	2	21	-1.7214	69.08
20060222	2006	2	22	3.2426	71.32
20060223	2006	2	23	0.6029	71.75
20060224	2006	2	24	-0.4042	71.46
20060227	2006	2	27	-0.6577	70.99
20060228	2006	2	28	-3.5216	68.49
20060301	2006	3	1	0.8906	69.1
20060302	2006	3	2	0.7381	69.61
20060303	2006	3	3	-2.7151	67.72
20060306	2006	3	6	-3.3077	65.48
20060307	2006	3	7	1.2676	66.31
20060308	2006	3	8	-0.9802	65.66
20060309	2006	3	9	-2.6348	63.93
20060310	2006	3	10	-1.1575	63.19
20060313	2006	3	13	3.9405	65.68
20060314	2006	3	14	2.497	67.32
20060315	2006	3	15	-1.6191	66.23
20060316	2006	3	16	-2.899	64.31
20060317	2006	3	17	0.5442	64.66
20060320	2006	3	20	-1.0362	63.99
20060321	2006	3	21	-3.4068	61.81
20060322	2006	3	22	-0.2265	61.67
20060323	2006	3	23	-2.4485	60.16
20060324	2006	3	24	-0.3324	59.96
20060327	2006	3	27	-0.7505	59.51
20060328	2006	3	28	-1.3443	58.71
20060329	2006	3	29	6.1659	62.33
20060330	2006	3	30	0.6738	62.75
20060331	2006	3	31	-0.0478	62.72
20060403	2006	4	3	-0.1116	62.65
20060404	2006	4	4	-2.3623	61.17
20060405	2006	4	5	9.8741	67.21
20060406	2006	4	6	5.9961	71.24
20060407	2006	4	7	-2.0354	69.79
20060410	2006	4	10	-1.6048	68.67
20060411	2006	4	11	-0.9902	67.99
20060412	2006	4	12	-1.8826	66.71
20060413	2006	4	13	-0.3613	66.469
20060417	2006	4	17	-2.4944	64.811
20060418	2006	4	18	2.174	66.22
20060419	2006	4	19	-0.8608	65.65
20060420	2006	4	20	3.016	67.63
20060421	2006	4	21	-0.8724	67.04
20060424	2006	4	24	-1.9242	65.75
20060425	2006	4	25	0.6388	66.17
20060426	2006	4	26	2.9923	68.15
20060427	2006	4	27	1.7755	69.36
20060428	2006	4	28	1.485	70.39
20060501	2006	5	1	-1.1223	69.6
20060502	2006	5	2	2.9023	71.62
20060503	2006	5	3	-0.6702	71.14
20060504	2006	5	4	-0.0141	71.13
20060505	2006	5	5	1.0685	71.89
20060508	2006	5	8	0	71.89
20060509	2006	5	9	-1.1963	71.03
20060510	2006	5	10	-0.6054	70.6
20060511	2006	5	11	-3.4703	68.15
20060512	2006	5	12	-0.6603	67.7
20060515	2006	5	15	0.1329	67.79
20060516	2006	5	16	-4.1452	64.98
20060517	2006	5	17	0.4309	65.26
20060518	2006	5	18	-3.1873	63.18
20060519	2006	5	19	2.1051	64.51
20060522	2006	5	22	-1.7517	63.38
20060523	2006	5	23	-0.3629	63.15
20060524	2006	5	24	0.3009	63.34
20060525	2006	5	25	1.563	64.33
20060526	2006	5	26	-1.2141	63.549
20060530	2006	5	30	-3.6649	61.22
20060531	2006	5	31	-2.3685	59.77
20060601	2006	6	1	4.0154	62.17
20060602	2006	6	2	-0.8203	61.66
20060605	2006	6	5	-2.6922	60
20060606	2006	6	6	-0.4617	59.723
20060607	2006	6	7	-1.939	58.565
20060608	2006	6	8	3.748	60.76
20060609	2006	6	9	-2.5016	59.24
20060612	2006	6	12	-3.7812	57
20060613	2006	6	13	2.3333	58.33
20060614	2006	6	14	-1.2344	57.61
20060615	2006	6	15	3.0724	59.38
20060616	2006	6	16	-3.065	57.56
20060619	2006	6	19	-0.6254	57.2
20060620	2006	6	20	0.472	57.47
20060621	2006	6	21	0.6786	57.86
20060622	2006	6	22	2.9727	59.58
20060623	2006	6	23	-1.2588	58.83
20060626	2006	6	26	0.272	58.99
20060627	2006	6	27	-2.6445	57.43
20060628	2006	6	28	-2.4552	56.02
20060629	2006	6	29	5.266	58.97
20060630	2006	6	30	-2.8828	57.27
20060703	2006	7	3	1.1874	57.95
20060705	2006	7	5	-1.6368	57.0015
20060706	2006	7	6	-2.1605	55.77
20060707	2006	7	7	-0.6634	55.4
20060710	2006	7	10	-0.722	55
20060711	2006	7	11	1.1818	55.65
20060712	2006	7	12	-4.8338	52.96
20060713	2006	7	13	-1.3406	52.25
20060714	2006	7	14	-3.0239	50.67
20060717	2006	7	17	3.355	52.37
20060718	2006	7	18	1.012	52.9
20060719	2006	7	19	2.2684	54.1
20060720	2006	7	20	11.8299	60.5
20060721	2006	7	21	0.3636	60.72
20060724	2006	7	24	1.1528	61.42
20060725	2006	7	25	0.8271	61.928
20060726	2006	7	26	3.1359	63.87
20060727	2006	7	27	-0.7359	63.4
20060728	2006	7	28	3.4543	65.59
20060731	2006	7	31	3.6134	67.96
20060801	2006	8	1	-1.1477	67.18
20060802	2006	8	2	1.4588	68.16
20060803	2006	8	3	2.098	69.59
20060804	2006	8	4	-1.8537	68.3
20060807	2006	8	7	-1.5959	67.21
20060808	2006	8	8	-3.6155	64.78
20060809	2006	8	9	-1.837	63.59
20060810	2006	8	10	0.7548	64.07
20060811	2006	8	11	-0.6555	63.65
20060814	2006	8	14	0.4556	63.94
20060815	2006	8	15	3.9256	66.45
20060816	2006	8	16	2.3025	67.98
20060817	2006	8	17	-0.5737	67.59
20060818	2006	8	18	0.4735	67.91
20060821	2006	8	21	-1.9879	66.56
20060822	2006	8	22	1.5926	67.62
20060823	2006	8	23	-0.4585	67.31
20060824	2006	8	24	0.7428	67.81
20060825	2006	8	25	1.3862	68.75
20060828	2006	8	28	-2.5745	66.98
20060829	2006	8	29	-0.7465	66.48
20060830	2006	8	30	0.722	66.96
20060831	2006	8	31	1.3292	67.85
20060901	2006	9	1	0.7811	68.38
20060905	2006	9	5	4.5335	71.48
20060906	2006	9	6	-2.0285	70.03
20060907	2006	9	7	3.9555	72.8
20060908	2006	9	8	-0.3846	72.52
20060911	2006	9	11	-0.0276	72.5
20060912	2006	9	12	0.1793	72.63
20060913	2006	9	13	2.1616	74.2
20060914	2006	9	14	-0.0404	74.17
20060915	2006	9	15	-0.0944	74.1
20060918	2006	9	18	-0.2834	73.89
20060919	2006	9	19	-0.1624	73.77
20060920	2006	9	20	2.0198	75.26
20060921	2006	9	21	-0.8105	74.65
20060922	2006	9	22	-2.2103	73
20060925	2006	9	25	3.7671	75.75
20060926	2006	9	26	2.4554	77.61
20060927	2006	9	27	-1.5462	76.41
20060928	2006	9	28	0.7852	77.01
20060929	2006	9	29	-0.039	76.98
20061002	2006	10	2	-2.754	74.86
20061003	2006	10	3	-1.0419	74.08
20061004	2006	10	4	1.7549	75.38
20061005	2006	10	5	-0.7296	74.83
20061006	2006	10	6	-0.8152	74.22
20061009	2006	10	9	0.5524	74.63
20061010	2006	10	10	-1.0988	73.81
20061011	2006	10	11	-0.7858	73.23
20061012	2006	10	12	2.7721	75.26
20061013	2006	10	13	-0.3189	75.02
20061016	2006	10	16	0.5065	75.4
20061017	2006	10	17	-1.4721	74.29
20061018	2006	10	18	0.3231	74.53
20061019	2006	10	19	5.9842	78.99
20061020	2006	10	20	1.2153	79.95
20061023	2006	10	23	1.8887	81.46
20061024	2006	10	24	-0.5033	81.05
20061025	2006	10	25	0.7773	81.68
20061026	2006	10	26	0.6244	82.19
20061027	2006	10	27	-2.1657	80.41
20061030	2006	10	30	0.0124	80.42
20061031	2006	10	31	0.8207	81.08
20061101	2006	11	1	-2.368	79.16
20061102	2006	11	2	-0.2274	78.98
20061103	2006	11	3	-0.8736	78.29
20061106	2006	11	6	1.8138	79.71
20061107	2006	11	7	1.0036	80.51
20061108	2006	11	8	2.4096	82.45
20061109	2006	11	9	1.0794	83.34
20061110	2006	11	10	-0.264	83.12
20061113	2006	11	13	1.4798	84.35
20061114	2006	11	14	0.7706	85
20061115	2006	11	15	-1.1176	84.05
20061116	2006	11	16	1.856	85.61
20061117	2006	11	17	0.2803	85.85
20061120	2006	11	20	0.7222	86.47
20061121	2006	11	21	2.4633	88.6
20061122	2006	11	22	1.93	90.31
20061124	2006	11	24	1.4616	91.63
20061127	2006	11	27	-2.2809	89.54
20061128	2006	11	28	2.5352	91.81
20061129	2006	11	29	-0.0109	91.8
20061130	2006	11	30	-0.1525	91.66
20061201	2006	12	1	-0.3709	91.32
20061204	2006	12	4	-0.219	91.12
20061205	2006	12	5	0.1646	91.27
20061206	2006	12	6	-1.5777	89.83
20061207	2006	12	7	-3.1059	87.04
20061208	2006	12	8	1.4017	88.26
20061211	2006	12	11	0.5552	88.75
20061212	2006	12	12	-2.9408	86.14
20061213	2006	12	13	3.3782	89.05
20061214	2006	12	14	-0.5615	88.55
20061215	2006	12	15	-0.9373	87.72
20061218	2006	12	18	-2.565	85.47
20061219	2006	12	19	0.9828	86.31
20061220	2006	12	20	-1.7958	84.76
20061221	2006	12	21	-2.1944	82.9
20061222	2006	12	22	-0.8444	82.2
20061226	2006	12	26	-0.8394	81.51
20061227	2006	12	27	0.0123	81.52
20061228	2006	12	28	-0.7973	80.87
20061229	2006	12	29	4.9091	84.84
20070103	2007	1	3	-1.2258	83.8
20070104	2007	1	4	2.2196	85.66
20070105	2007	1	5	-0.7121	85.05
20070108	2007	1	8	0.4938	85.47
20070109	2007	1	9	8.307	92.57
20070110	2007	1	10	4.7856	97
20070111	2007	1	11	-1.2371	95.8
20070112	2007	1	12	-1.2317	94.62
20070116	2007	1	16	2.621	97.1
20070117	2007	1	17	-2.2142	94.95
20070118	2007	1	18	-6.1927	89.07
20070119	2007	1	19	-0.6399	88.5
20070122	2007	1	22	-1.9322	86.79
20070123	2007	1	23	-1.2559	85.7
20070124	2007	1	24	1.1669	86.7
20070125	2007	1	25	-0.519	86.25
20070126	2007	1	26	-1.0087	85.38
20070129	2007	1	29	0.6559	85.94
20070130	2007	1	30	-0.4538	85.55
20070131	2007	1	31	0.2104	85.73
20070201	2007	2	1	-1.1548	84.74
20070202	2007	2	2	0.0118	84.75
20070205	2007	2	5	-0.9557	83.94
20070206	2007	2	6	0.2502	84.15
20070207	2007	2	7	2.3767	86.15
20070208	2007	2	8	0.0348	86.18
20070209	2007	2	9	-3.3767	83.27
20070212	2007	2	12	1.9335	84.88
20070213	2007	2	13	-0.2945	84.63
20070214	2007	2	14	0.7917	85.3
20070215	2007	2	15	-0.1055	85.21
20070216	2007	2	16	-0.446	84.83
20070220	2007	2	20	1.2613	85.9
20070221	2007	2	21	3.8417	89.2
20070222	2007	2	22	0.3475	89.51
20070223	2007	2	23	-0.4916	89.07
20070226	2007	2	26	-0.4715	88.65
20070227	2007	2	27	-5.3243	83.93
20070228	2007	2	28	0.8102	84.61
20070301	2007	3	1	2.8956	87.06
20070302	2007	3	2	-1.8952	85.41
20070305	2007	3	5	1.0653	86.3199
20070306	2007	3	6	2.1665	88.19
20070307	2007	3	7	-0.5329	87.72
20070308	2007	3	8	0.3192	88
20070309	2007	3	9	-0.0341	87.97
20070312	2007	3	12	2.1598	89.87
20070313	2007	3	13	-1.6357	88.4
20070314	2007	3	14	1.81	90
20070315	2007	3	15	-0.4778	89.57
20070316	2007	3	16	0.0223	89.59
20070319	2007	3	19	1.7189	91.13
20070320	2007	3	20	0.3841	91.48
20070321	2007	3	21	2.6126	93.87
20070322	2007	3	22	0.0959	93.96
20070323	2007	3	23	-0.4683	93.52
20070326	2007	3	26	2.4914	95.85
20070327	2007	3	27	-0.4069	95.46
20070328	2007	3	28	-2.3256	93.24
20070329	2007	3	29	0.547	93.75
20070330	2007	3	30	-0.896	92.91
20070402	2007	4	2	0.7965	93.65
20070403	2007	4	3	0.9076	94.5
20070404	2007	4	4	-0.2434	94.27
20070405	2007	4	5	0.4349	94.68
20070409	2007	4	9	-1.0879	93.65
20070410	2007	4	10	0.6407	94.25
20070411	2007	4	11	-1.7613	92.59
20070412	2007	4	12	-0.432	92.19
20070413	2007	4	13	-2.1152	90.24
20070416	2007	4	16	1.3187	91.43
20070417	2007	4	17	-1.1812	90.35
20070418	2007	4	18	0.0553	90.4
20070419	2007	4	19	-0.1438	90.27
20070420	2007	4	20	0.7755	90.97
20070423	2007	4	23	2.7921	93.51
20070424	2007	4	24	-0.2887	93.24
20070425	2007	4	25	2.2608	95.348
20070426	2007	4	26	3.6624	98.84
20070427	2007	4	27	1.0927	99.92
20070430	2007	4	30	-0.1201	99.8
20070501	2007	5	1	-0.3307	99.47
20070502	2007	5	2	0.9249	100.39
20070503	2007	5	3	0.01	100.4
20070504	2007	5	4	0.4084	100.81
20070507	2007	5	7	3.085	103.92
20070508	2007	5	8	1.097	105.06
20070509	2007	5	9	1.7323	106.88
20070510	2007	5	10	0.4304	107.34
20070511	2007	5	11	1.3043	108.74
20070514	2007	5	14	0.5702	109.36
20070515	2007	5	15	-1.6825	107.52
20070516	2007	5	16	-0.1674	107.34
20070517	2007	5	17	1.9564	109.44
20070518	2007	5	18	0.53	110.02
20070521	2007	5	21	1.7815	111.98
20070522	2007	5	22	1.3931	113.54
20070523	2007	5	23	-0.5725	112.89
20070524	2007	5	24	-1.9488	110.69
20070525	2007	5	25	2.647	113.62
20070529	2007	5	29	0.6425	114.35
20070530	2007	5	30	3.8653	118.77
20070531	2007	5	31	2.0384	121.191
20070601	2007	6	1	-2.303	118.4
20070604	2007	6	4	2.4747	121.33
20070605	2007	6	5	1.1044	122.67
20070606	2007	6	6	0.7907	123.64
20070607	2007	6	7	0.347	124.069
20070608	2007	6	8	0.3393	124.49
20070611	2007	6	11	-3.4541	120.19
20070612	2007	6	12	0.1581	120.38
20070613	2007	6	13	-2.3924	117.5
20070614	2007	6	14	1.0638	118.75
20070615	2007	6	15	1.4737	120.5
20070618	2007	6	18	3.8091	125.09
20070619	2007	6	19	-1.1432	123.66
20070620	2007	6	20	-1.7063	121.55
20070621	2007	6	21	1.9334	123.9
20070622	2007	6	22	-0.7264	123
20070625	2007	6	25	-0.5366	122.34
20070626	2007	6	26	-2.1988	119.65
20070627	2007	6	27	1.8721	121.89
20070628	2007	6	28	-1.0911	120.56
20070629	2007	6	29	1.2276	122.04
20070702	2007	7	2	-0.6391	121.26
20070703	2007	7	3	4.8738	127.17
20070705	2007	7	5	4.3878	132.75
20070706	2007	7	6	-0.339	132.3
20070709	2007	7	9	-1.489	130.33009
20070710	2007	7	10	1.5498	132.35001
20070711	2007	7	11	0.0302	132.39
20070712	2007	7	12	1.2689	134.0699
20070713	2007	7	13	2.73	137.73
20070716	2007	7	16	0.2686	138.10001
20070717	2007	7	17	0.5865	138.9099
20070718	2007	7	18	-0.5686	138.12
20070719	2007	7	19	1.3611	140
20070720	2007	7	20	2.6786	143.75
20070723	2007	7	23	-0.0348	143.7
20070724	2007	7	24	-6.1309	134.88989
20070725	2007	7	25	1.7571	137.25999
20070726	2007	7	26	6.3675	146
20070727	2007	7	27	-1.4726	143.85001
20070730	2007	7	30	-1.6823	141.42999
20070731	2007	7	31	-6.8373	131.75999
20070801	2007	8	1	2.459	135
20070802	2007	8	2	1.1037	136.49001
20070803	2007	8	3	-3.3996	131.8499
20070806	2007	8	6	2.5788	135.25
20070807	2007	8	7	-0.1626	135.03011
20070808	2007	8	8	-0.7555	134.00999
20070809	2007	8	9	-5.6861	126.39
20070810	2007	8	10	-1.0998	125
20070813	2007	8	13	2.232	127.79
20070814	2007	8	14	-2.9423	124.03
20070815	2007	8	15	-3.3298	119.9
20070816	2007	8	16	-2.377	117.05
20070817	2007	8	17	4.2802	122.06
20070820	2007	8	20	0.1311	122.22
20070821	2007	8	21	4.3774	127.57
20070822	2007	8	22	3.8724	132.50999
20070823	2007	8	23	-1.0867	131.07001
20070824	2007	8	24	3.2273	135.3
20070827	2007	8	27	-2.2543	132.25
20070828	2007	8	28	-4.1059	126.82
20070829	2007	8	29	5.7247	134.08
20070830	2007	8	30	1.6184	136.25
20070831	2007	8	31	1.6367	138.48
20070904	2007	9	4	4.1017	144.16
20070905	2007	9	5	-5.1332	136.75999
20070906	2007	9	6	-1.2796	135.00999
20070907	2007	9	7	-2.3998	131.77
20070910	2007	9	10	3.749	136.71001
20070911	2007	9	11	-0.8924	135.49001
20070912	2007	9	12	1.0038	136.85001
20070913	2007	9	13	0.2557	137.2
20070914	2007	9	14	1.1735	138.81
20070917	2007	9	17	-0.2882	138.41
20070918	2007	9	18	1.8134	140.92
20070919	2007	9	19	-0.1065	140.7699
20070920	2007	9	20	-0.3267	140.31
20070921	2007	9	21	2.7368	144.14999
20070924	2007	9	24	2.8651	148.28
20070925	2007	9	25	3.3046	153.17999
20070926	2007	9	26	-0.2677	152.77
20070927	2007	9	27	1.1324	154.5
20070928	2007	9	28	-0.6667	153.47
20071001	2007	10	1	1.8694	156.339
20071002	2007	10	2	1.3503	158.45
20071003	2007	10	3	-0.3344	157.9201
20071004	2007	10	4	-1.0639	156.24001
20071005	2007	10	5	3.3345	161.44991
20071008	2007	10	8	4.0013	167.91
20071009	2007	10	9	-0.0298	167.86
20071010	2007	10	10	-0.6374	166.78999
20071011	2007	10	11	-2.734	162.23
20071012	2007	10	12	3.0967	167.25369
20071015	2007	10	15	-0.1636	166.98
20071016	2007	10	16	1.5571	169.58
20071017	2007	10	17	1.8693	172.75
20071018	2007	10	18	0.4342	173.5
20071019	2007	10	19	-1.7752	170.42
20071022	2007	10	22	2.3119	174.36
20071023	2007	10	23	6.7676	186.16
20071024	2007	10	24	-0.1236	185.92999
20071025	2007	10	25	-1.6942	182.78
20071026	2007	10	26	1.0504	184.7
20071029	2007	10	29	0.2112	185.09
20071030	2007	10	30	1.0319	187
20071031	2007	10	31	1.5775	189.95
20071101	2007	11	1	-1.3214	187.44
20071102	2007	11	2	0.2294	187.87
20071105	2007	11	5	-0.8996	186.17999
20071106	2007	11	6	3.0132	191.78999
20071107	2007	11	7	-2.8626	186.2999
20071108	2007	11	8	-5.8151	175.46629
20071109	2007	11	9	-5.754	165.37
20071112	2007	11	12	-7.0206	153.75999
20071113	2007	11	13	10.5359	169.96001
20071114	2007	11	14	-2.2652	166.11
20071115	2007	11	15	-1.0896	164.3
20071116	2007	11	16	1.2721	166.39
20071119	2007	11	19	-1.4664	163.95
20071120	2007	11	20	2.9887	168.85001
20071121	2007	11	21	-0.231	168.46001
20071123	2007	11	23	1.8283	171.53999
20071126	2007	11	26	0.5841	172.5419
20071127	2007	11	27	1.3145	174.81
20071128	2007	11	28	3.0948	180.22
20071129	2007	11	29	2.2583	184.28999
20071130	2007	11	30	-1.1232	182.22
20071203	2007	12	3	-1.8439	178.86
20071204	2007	12	4	0.5311	179.81
20071205	2007	12	5	3.1645	185.5
20071206	2007	12	6	2.4004	189.9528
20071207	2007	12	7	2.2886	194.3
20071210	2007	12	10	-0.0463	194.21001
20071211	2007	12	11	-2.9193	188.54041
20071212	2007	12	12	1.2303	190.86
20071213	2007	12	13	0.5082	191.83
20071214	2007	12	14	-0.7507	190.39
20071217	2007	12	17	-3.1462	184.39999
20071218	2007	12	18	-0.7701	182.98
20071219	2007	12	19	0.0765	183.12
20071220	2007	12	20	2.2335	187.21001
20071221	2007	12	21	3.5789	193.91
20071224	2007	12	24	2.5218	198.8
20071226	2007	12	26	0.0754	198.95
20071227	2007	12	27	-0.191	198.57001
20071228	2007	12	28	0.6345	199.83
20071231	2007	12	31	-0.8757	198.08
20080102	2008	1	2	-1.6357	194.84
20080103	2008	1	3	0.0462	194.92999
20080104	2008	1	4	-7.6335	180.05
20080107	2008	1	7	-1.3385	177.64
20080108	2008	1	8	-3.5972	171.25
20080109	2008	1	9	4.7591	179.39999
20080110	2008	1	10	-0.7692	178.02
20080111	2008	1	11	-2.994	172.69
20080114	2008	1	14	3.5265	178.78
20080115	2008	1	15	-5.448	169.03999
20080116	2008	1	16	-5.5608	159.64
20080117	2008	1	17	0.783	160.89
20080118	2008	1	18	0.2921	161.36
20080122	2008	1	22	-3.5449	155.64
20080123	2008	1	23	-10.6451	139.07201
20080124	2008	1	24	-2.4965	135.60001
20080125	2008	1	25	-4.1224	130.00999
20080128	2008	1	28	0	130.00999
20080129	2008	1	29	1.1768	131.53999
20080130	2008	1	30	0.4865	132.17999
20080131	2008	1	31	2.4058	135.36
20080201	2008	2	1	-1.1894	133.75
20080204	2008	2	4	-1.5701	131.64999
20080205	2008	2	5	-1.7395	129.36
20080206	2008	2	6	-5.6895	122
20080207	2008	2	7	-0.623	121.24
20080208	2008	2	8	3.4972	125.48
20080211	2008	2	11	3.1638	129.45
20080212	2008	2	12	-3.5458	124.86
20080213	2008	2	13	3.6361	129.39999
20080214	2008	2	14	-1.4992	127.46
20080215	2008	2	15	-2.2203	124.63
20080219	2008	2	19	-1.9658	122.18
20080220	2008	2	20	1.3423	123.82
20080221	2008	2	21	-1.8414	121.54
20080222	2008	2	22	-1.7114	119.46
20080225	2008	2	25	0.2344	119.74
20080226	2008	2	26	-0.4927	119.15
20080227	2008	2	27	3.1976	122.96
20080228	2008	2	28	5.6522	129.91
20080229	2008	2	29	-3.7641	125.02
20080303	2008	3	3	-2.6316	121.73
20080304	2008	3	4	2.3741	124.62
20080305	2008	3	5	-0.1044	124.4899
20080306	2008	3	6	-2.8596	120.93
20080307	2008	3	7	1.0915	122.25
20080310	2008	3	10	-2.0941	119.69
20080311	2008	3	11	6.3999	127.3501
20080312	2008	3	12	-1.0366	126.03
20080313	2008	3	13	1.5155	127.94
20080314	2008	3	14	-1.0396	126.61
20080317	2008	3	17	0.0948	126.73
20080318	2008	3	18	4.8055	132.82001
20080319	2008	3	19	-2.3716	129.67
20080320	2008	3	20	2.7763	133.27
20080324	2008	3	24	4.6972	139.53
20080325	2008	3	25	1.0392	140.98
20080326	2008	3	26	2.894	145.06
20080327	2008	3	27	-3.3159	140.25
20080328	2008	3	28	1.9679	143.00999
20080331	2008	3	31	0.3426	143.5
20080401	2008	4	1	4.2022	149.53011
20080402	2008	4	2	-1.3643	147.49001
20080403	2008	4	3	2.7934	151.61
20080404	2008	4	4	0.9696	153.08
20080407	2008	4	7	1.8356	155.89
20080408	2008	4	8	-1.9565	152.84
20080409	2008	4	9	-0.916	151.44
20080410	2008	4	10	2.0536	154.55
20080411	2008	4	11	-4.7946	147.14
20080414	2008	4	14	0.435	147.78
20080415	2008	4	15	0.406	148.38
20080416	2008	4	16	3.5854	153.7
20080417	2008	4	17	0.514	154.49001
20080418	2008	4	18	4.2397	161.03999
20080421	2008	4	21	4.4213	168.16
20080422	2008	4	22	-4.7336	160.2
20080423	2008	4	23	1.6792	162.89
20080424	2008	4	24	3.7142	168.94
20080425	2008	4	25	0.4676	169.73
20080428	2008	4	28	1.4788	172.24001
20080429	2008	4	29	1.6314	175.05
20080430	2008	4	30	-0.6284	173.95
20080501	2008	5	1	3.478	180
20080502	2008	5	2	0.5222	180.94
20080505	2008	5	5	2.0946	184.73
20080506	2008	5	6	1.0448	186.66
20080507	2008	5	7	-2.1804	182.59
20080508	2008	5	8	1.3528	185.06
20080509	2008	5	9	-0.87	183.45
20080512	2008	5	12	2.5675	188.16
20080513	2008	5	13	0.9566	189.96001
20080514	2008	5	14	-1.9478	186.25999
20080515	2008	5	15	1.863	189.73
20080516	2008	5	16	-1.1121	187.6201
20080519	2008	5	19	-2.1427	183.60001
20080520	2008	5	20	1.2527	185.89999
20080521	2008	5	21	-4.1474	178.19
20080522	2008	5	22	-0.6398	177.05
20080523	2008	5	23	2.327	181.17
20080527	2008	5	27	2.9033	186.42999
20080528	2008	5	28	0.3111	187.00999
20080529	2008	5	29	-0.1711	186.69
20080530	2008	5	30	1.1034	188.75
20080602	2008	6	2	-1.404	186.10001
20080603	2008	6	3	-0.3923	185.37
20080604	2008	6	4	-0.0971	185.19
20080605	2008	6	5	2.2895	189.42999
20080606	2008	6	6	-2.0007	185.64
20080609	2008	6	9	-2.1709	181.61
20080610	2008	6	10	2.219	185.64
20080611	2008	6	11	-2.6018	180.81
20080612	2008	6	12	-4.1757	173.25999
20080613	2008	6	13	-0.5137	172.37
20080616	2008	6	16	2.5933	176.84
20080617	2008	6	17	2.5956	181.42999
20080618	2008	6	18	-1.4771	178.75
20080619	2008	6	19	1.2028	180.89999
20080620	2008	6	20	-3.1122	175.27
20080623	2008	6	23	-1.2039	173.16
20080624	2008	6	24	0.052	173.25
20080625	2008	6	25	2.3896	177.39
20080626	2008	6	26	-5.1469	168.25999
20080627	2008	6	27	1.0876	170.09
20080630	2008	6	30	-1.558	167.44
20080701	2008	7	1	4.3239	174.67999
20080702	2008	7	2	-3.7211	168.17999
20080703	2008	7	3	1.1535	170.12
20080707	2008	7	7	2.9626	175.16
20080708	2008	7	8	2.5063	179.55
20080709	2008	7	9	-2.9518	174.25
20080710	2008	7	10	1.3659	176.63
20080711	2008	7	11	-2.2929	172.58
20080714	2008	7	14	0.7533	173.88
20080715	2008	7	15	-2.4385	169.64
20080716	2008	7	16	1.8687	172.81
20080717	2008	7	17	-0.5787	171.81
20080718	2008	7	18	-3.8764	165.14999
20080721	2008	7	21	0.6903	166.28999
20080722	2008	7	22	-2.5678	162.02
20080723	2008	7	23	2.617	166.25999
20080724	2008	7	24	-4.3486	159.03
20080725	2008	7	25	1.943	162.12
20080728	2008	7	28	-4.7619	154.39999
20080729	2008	7	29	1.7358	157.08
20080730	2008	7	30	1.7825	159.88
20080731	2008	7	31	-0.5817	158.95
20080801	2008	8	1	-1.4407	156.66
20080804	2008	8	4	-2.1895	153.23
20080805	2008	8	5	4.8359	160.64
20080806	2008	8	6	2.2099	164.19
20080807	2008	8	7	-0.3776	163.57001
20080808	2008	8	8	3.6559	169.55
20080811	2008	8	11	2.3651	173.56
20080812	2008	8	12	1.8265	176.73
20080813	2008	8	13	1.4542	179.3
20080814	2008	8	14	0.0112	179.32001
20080815	2008	8	15	-1.9964	175.74001
20080818	2008	8	18	-0.1992	175.39
20080819	2008	8	19	-1.0605	173.53
20080820	2008	8	20	1.3312	175.84
20080821	2008	8	21	-0.8815	174.28999
20080822	2008	8	22	1.4344	176.78999
20080825	2008	8	25	-2.3983	172.55
20080826	2008	8	26	0.6317	173.64
20080827	2008	8	27	0.5932	174.67
20080828	2008	8	28	-0.5324	173.74001
20080829	2008	8	29	-2.4232	169.53
20080902	2008	9	2	-1.9702	166.19
20080903	2008	9	3	0.4633	166.96001
20080904	2008	9	4	-3.438	161.22
20080905	2008	9	5	-0.6451	160.17999
20080908	2008	9	8	-1.4109	157.92
20080909	2008	9	9	-3.9514	151.67999
20080910	2008	9	10	-0.0461	151.61
20080911	2008	9	11	0.686	152.64999
20080912	2008	9	12	-2.4304	148.94
20080915	2008	9	15	-5.7607	140.36
20080916	2008	9	16	-0.342	139.88
20080917	2008	9	17	-8.6145	127.83
20080918	2008	9	18	4.8971	134.09
20080919	2008	9	19	5.0861	140.91
20080922	2008	9	22	-6.9974	131.05
20080923	2008	9	23	-3.2125	126.84
20080924	2008	9	24	1.4743	128.71001
20080925	2008	9	25	2.5017	131.92999
20080926	2008	9	26	-2.7969	128.24001
20080929	2008	9	29	-17.9195	105.26
20080930	2008	9	30	7.9802	113.66
20081001	2008	10	1	-3.9944	109.12
20081002	2008	10	2	-8.2661	100.1
20081003	2008	10	3	-3.027	97.07
20081006	2008	10	6	1.1023	98.14
20081007	2008	10	7	-9.1502	89.16
20081008	2008	10	8	0.7066	89.79
20081009	2008	10	9	-1.1694	88.74
20081010	2008	10	10	9.0827	96.8
20081013	2008	10	13	13.905	110.26
20081014	2008	10	14	-5.6049	104.08
20081015	2008	10	15	-5.8897	97.95
20081016	2008	10	16	4.0225	101.89
20081017	2008	10	17	-4.4067	97.4
20081020	2008	10	20	1.0678	98.44
20081021	2008	10	21	-7.0601	91.49
20081022	2008	10	22	5.8804	96.87
20081023	2008	10	23	1.4039	98.23
20081024	2008	10	24	-1.8833	96.38
20081027	2008	10	27	-4.4511	92.09
20081028	2008	10	28	8.4917	99.91
20081029	2008	10	29	4.6442	104.55
20081030	2008	10	30	6.2076	111.04
20081031	2008	10	31	-3.107	107.59
20081103	2008	11	3	-0.5856	106.96
20081104	2008	11	4	3.7678	110.99
20081105	2008	11	5	-6.9285	103.3
20081106	2008	11	6	-4.0658	99.1
20081107	2008	11	7	-0.8678	98.24
20081110	2008	11	10	-2.4023	95.88
20081111	2008	11	11	-1.1577	94.77
20081112	2008	11	12	-4.9066	90.12
20081113	2008	11	13	7.0129	96.44
20081114	2008	11	14	-6.4289	90.24
20081117	2008	11	17	-2.3271	88.14
20081118	2008	11	18	2.0082	89.91
20081119	2008	11	19	-4.0263	86.29
20081120	2008	11	20	-6.7215	80.49
20081121	2008	11	21	2.5966	82.58
20081124	2008	11	24	12.5575	92.95
20081125	2008	11	25	-2.3131	90.8
20081126	2008	11	26	4.6255	95
20081128	2008	11	28	-2.4526	92.67
20081201	2008	12	1	-4.0358	88.93
20081202	2008	12	2	3.9807	92.47
20081203	2008	12	3	3.7093	95.9
20081204	2008	12	4	-4.682	91.41
20081205	2008	12	5	2.8334	94
20081208	2008	12	8	6.0851	99.72
20081209	2008	12	9	0.341	100.06
20081210	2008	12	10	-1.8489	98.21
20081211	2008	12	11	-3.2685	95
20081212	2008	12	12	3.4421	98.27
20081215	2008	12	15	-3.582	94.75
20081216	2008	12	16	0.7177	95.43
20081217	2008	12	17	-6.5703	89.16
20081218	2008	12	18	0.3028	89.43
20081219	2008	12	19	0.6374	90
20081222	2008	12	22	-4.7333	85.74
20081223	2008	12	23	0.7464	86.38
20081224	2008	12	24	-1.5513	85.04
20081226	2008	12	26	0.9055	85.81
20081229	2008	12	29	0.9323	86.61
20081230	2008	12	30	-0.3695	86.29
20081231	2008	12	31	-1.0894	85.35
20090102	2009	1	2	6.3269	90.75
20090105	2009	1	5	4.2204	94.58
20090106	2009	1	6	-1.6494	93.02
20090107	2009	1	7	-2.1608	91.01
20090108	2009	1	8	1.8569	92.7
20090109	2009	1	9	-2.2869	90.58
20090112	2009	1	12	-2.1197	88.66
20090113	2009	1	13	-1.0715	87.71
20090114	2009	1	14	-2.7135	85.33
20090115	2009	1	15	-2.2853	83.38
20090116	2009	1	16	-1.2593	82.33
20090120	2009	1	20	-5.0164	78.2
20090121	2009	1	21	5.9207	82.83
20090122	2009	1	22	6.6763	88.36
20090123	2009	1	23	0	88.36
20090126	2009	1	26	1.4486	89.64
20090127	2009	1	27	1.216	90.73
20090128	2009	1	28	3.8245	94.2
20090129	2009	1	29	-1.2739	93
20090130	2009	1	30	-3.086	90.13
20090202	2009	2	2	1.5311	91.51
20090203	2009	2	3	1.6064	92.98
20090204	2009	2	4	0.613	93.55
20090205	2009	2	5	3.1106	96.46
20090206	2009	2	6	3.3796	99.72
20090209	2009	2	9	2.7978	102.51
20090210	2009	2	10	-4.5654	97.83
20090211	2009	2	11	-1.0324	96.82
20090212	2009	2	12	2.5305	99.27
20090213	2009	2	13	-0.1108	99.16
20090217	2009	2	17	-4.6692	94.53
20090218	2009	2	18	-0.1693	94.37
20090219	2009	2	19	-3.9525	90.64
20090220	2009	2	20	0.6178	91.2
20090223	2009	2	23	-4.6601	86.95
20090224	2009	2	24	3.7953	90.25
20090225	2009	2	25	1.0083	91.16
20090226	2009	2	26	-2.161	89.19
20090227	2009	2	27	0.1345	89.31
20090302	2009	3	2	-1.534	87.94
20090303	2009	3	3	0.489	88.37
20090304	2009	3	4	3.1685	91.17
20090305	2009	3	5	-2.5557	88.84
20090306	2009	3	6	-3.9847	85.3
20090309	2009	3	9	-2.5674	83.11
20090310	2009	3	10	6.6388	88.6275
20090311	2009	3	11	4.5725	92.68
20090312	2009	3	12	3.9599	96.35
20090313	2009	3	13	-0.4359	95.93
20090316	2009	3	16	-0.5316	95.42
20090317	2009	3	17	4.4435	99.66
20090318	2009	3	18	1.8663	101.52
20090319	2009	3	19	0.0985	101.62
20090320	2009	3	20	-0.0295	101.59
20090323	2009	3	23	5.975	107.66
20090324	2009	3	24	-1.0765	106.501
20090325	2009	3	25	-0.0103	106.49
20090326	2009	3	26	3.174	109.87
20090327	2009	3	27	-2.7487	106.85
20090330	2009	3	30	-2.2087	104.49
20090331	2009	3	31	0.6029	105.12
20090401	2009	4	1	3.3961	108.69
20090402	2009	4	2	3.6986	112.71
20090403	2009	4	3	2.9101	115.99
20090406	2009	4	6	2.1209	118.45
20090407	2009	4	7	-2.9126	115
20090408	2009	4	8	1.1478	116.32
20090409	2009	4	9	2.794	119.57
20090413	2009	4	13	0.5436	120.22
20090414	2009	4	14	-1.5888	118.31
20090415	2009	4	15	-0.5663	117.64
20090416	2009	4	16	3.2387	121.45
20090417	2009	4	17	1.6221	123.42
20090420	2009	4	20	-2.3659	120.5
20090421	2009	4	21	1.0456	121.76
20090422	2009	4	22	-0.2053	121.51
20090423	2009	4	23	3.2014	125.4
20090424	2009	4	24	-1.1962	123.9
20090427	2009	4	27	0.6699	124.73
20090428	2009	4	28	-0.6638	123.902
20090429	2009	4	29	0.9992	125.14
20090430	2009	4	30	0.5514	125.83
20090501	2009	5	1	1.1206	127.24
20090504	2009	5	4	3.796	132.07001
20090505	2009	5	5	0.4846	132.71001
20090506	2009	5	6	-0.1582	132.5
20090507	2009	5	7	-2.5962	129.06
20090508	2009	5	8	0.1007	129.19
20090511	2009	5	11	0.2941	129.57001
20090512	2009	5	12	-3.9747	124.42
20090513	2009	5	13	-3.9624	119.49
20090514	2009	5	14	2.8956	122.95
20090515	2009	5	15	-0.4311	122.42
20090518	2009	5	18	3.4553	126.65
20090519	2009	5	19	0.6317	127.45
20090520	2009	5	20	-1.2397	125.87
20090521	2009	5	21	-1.3427	124.18
20090522	2009	5	22	-1.3529	122.5
20090526	2009	5	26	6.7592	130.78
20090527	2009	5	27	1.7357	133.05
20090528	2009	5	28	1.5182	135.07001
20090529	2009	5	29	0.5479	135.81
20090601	2009	6	1	2.6066	139.35001
20090602	2009	6	2	0.1005	139.49001
20090603	2009	6	3	1.0467	140.95
20090604	2009	6	4	1.9794	143.74001
20090605	2009	6	5	0.647	144.67
20090608	2009	6	8	-0.5668	143.85001
20090609	2009	6	9	-0.7855	142.72
20090610	2009	6	10	-1.7307	140.25
20090611	2009	6	11	-0.2139	139.95
20090612	2009	6	12	-2.1293	136.97
20090615	2009	6	15	-0.6425	136.09
20090616	2009	6	16	0.1911	136.35001
20090617	2009	6	17	-0.5647	135.58
20090618	2009	6	18	0.2213	135.88
20090619	2009	6	19	2.6494	139.48
20090622	2009	6	22	-1.5128	137.37
20090623	2009	6	23	-2.4459	134.00999
20090624	2009	6	24	1.6491	136.22
20090625	2009	6	25	2.6721	139.86
20090626	2009	6	26	1.8447	142.44
20090629	2009	6	29	-0.33	141.97
20090630	2009	6	30	0.324	142.42999
20090701	2009	7	1	0.2808	142.83
20090702	2009	7	2	-1.9674	140.02
20090706	2009	7	6	-1.007	138.61
20090707	2009	7	7	-2.3159	135.39999
20090708	2009	7	8	1.3442	137.22
20090709	2009	7	9	-0.6267	136.36
20090710	2009	7	10	1.584	138.52
20090713	2009	7	13	2.7577	142.34
20090714	2009	7	14	-0.0492	142.27
20090715	2009	7	15	3.2403	146.88
20090716	2009	7	16	0.4357	147.52
20090717	2009	7	17	2.8674	151.75
20090720	2009	7	20	0.7638	152.909
20090721	2009	7	21	-0.9149	151.50999
20090722	2009	7	22	3.4519	156.74001
20090723	2009	7	23	0.689	157.82001
20090724	2009	7	24	1.3724	159.98599
20090727	2009	7	27	0.0713	160.10001
20090728	2009	7	28	-0.0625	160
20090729	2009	7	29	0.0187	160.03
20090730	2009	7	30	1.7247	162.78999
20090731	2009	7	31	0.3686	163.39
20090803	2009	8	3	1.8606	166.42999
20090804	2009	8	4	-0.5287	165.55
20090805	2009	8	5	-0.2658	165.11
20090806	2009	8	6	-0.7268	163.91
20090807	2009	8	7	0.9761	165.50999
20090810	2009	8	10	-0.4773	164.72
20090811	2009	8	11	-1.1474	162.83
20090812	2009	8	12	1.5231	165.31
20090813	2009	8	13	1.8813	168.42
20090814	2009	8	14	-0.9738	166.78
20090817	2009	8	17	-4.3111	159.59
20090818	2009	8	18	2.7633	164
20090819	2009	8	19	0.3659	164.60001
20090820	2009	8	20	1.051	166.33
20090821	2009	8	21	1.7375	169.22
20090824	2009	8	24	-0.0946	169.06
20090825	2009	8	25	0.2011	169.39999
20090826	2009	8	26	-1.1747	167.41
20090827	2009	8	27	1.2186	169.45
20090828	2009	8	28	0.3541	170.05
20090831	2009	8	31	-1.082	168.21001
20090901	2009	9	1	-1.7312	165.298
20090902	2009	9	2	-0.0714	165.17999
20090903	2009	9	3	0.8294	166.55
20090904	2009	9	4	2.2576	170.31
20090908	2009	9	8	1.5384	172.92999
20090909	2009	9	9	-1.0351	171.14
20090910	2009	9	10	0.8297	172.56
20090911	2009	9	11	-0.2318	172.16
20090914	2009	9	14	0.9061	173.72
20090915	2009	9	15	0.8289	175.16
20090916	2009	9	16	3.8308	181.87
20090917	2009	9	17	1.4736	184.55
20090918	2009	9	18	0.2547	185.02
20090921	2009	9	21	-0.5405	184.02
20090922	2009	9	22	0.25	184.48
20090923	2009	9	23	0.5529	185.5
20090924	2009	9	24	-0.9057	183.82001
20090925	2009	9	25	-0.7888	182.37
20090928	2009	9	28	2.0738	186.1519
20090929	2009	9	29	-0.4147	185.38
20090930	2009	9	30	-0.0162	185.35001
20091001	2009	10	1	-2.4225	180.85989
20091002	2009	10	2	2.2338	184.89999
20091005	2009	10	5	0.6079	186.024
20091006	2009	10	6	2.1427	190.00999
20091007	2009	10	7	0.1263	190.25
20091008	2009	10	8	-0.5151	189.27
20091009	2009	10	9	0.634	190.47
20091012	2009	10	12	0.1785	190.81
20091013	2009	10	13	-0.414	190.02
20091014	2009	10	14	0.6683	191.28999
20091015	2009	10	15	-0.3816	190.56
20091016	2009	10	16	-1.3172	188.05
20091019	2009	10	19	0.9625	189.86
20091020	2009	10	20	4.6877	198.75999
20091021	2009	10	21	3.0992	204.92
20091022	2009	10	22	0.1366	205.2
20091023	2009	10	23	-0.614	203.94
20091026	2009	10	26	-0.7159	202.48
20091027	2009	10	27	-2.5237	197.37
20091028	2009	10	28	-2.5181	192.39999
20091029	2009	10	29	2.053	196.35001
20091030	2009	10	30	-3.998	188.5
20091102	2009	11	2	0.4297	189.31
20091103	2009	11	3	-0.2958	188.75
20091104	2009	11	4	1.0914	190.81
20091105	2009	11	5	1.6876	194.03011
20091106	2009	11	6	0.1597	194.34
20091109	2009	11	9	3.6637	201.46001
20091110	2009	11	10	0.7545	202.98
20091111	2009	11	11	0.133	203.25
20091112	2009	11	12	-0.6199	201.99001
20091113	2009	11	13	1.2179	204.45
20091116	2009	11	16	1.0663	206.63
20091117	2009	11	17	0.1791	207
20091118	2009	11	18	-0.5024	205.96001
20091119	2009	11	19	-2.6462	200.50999
20091120	2009	11	20	-0.2942	199.92
20091123	2009	11	23	2.9812	205.88
20091124	2009	11	24	-0.6994	204.44
20091125	2009	11	25	-0.1223	204.19
20091127	2009	11	27	-1.7631	200.59
20091130	2009	11	30	-0.339	199.91
20091201	2009	12	1	-1.4707	196.97
20091202	2009	12	2	-0.3757	196.23
20091203	2009	12	3	0.1274	196.48
20091204	2009	12	4	-1.6083	193.32001
20091207	2009	12	7	-2.2605	188.95
20091208	2009	12	8	0.4869	189.87
20091209	2009	12	9	4.1765	197.8
20091210	2009	12	10	-0.6926	196.42999
20091211	2009	12	11	-0.896	194.67
20091214	2009	12	14	1.1866	196.98
20091215	2009	12	15	-1.4265	194.17
20091216	2009	12	16	0.4429	195.03
20091217	2009	12	17	-1.6254	191.86
20091218	2009	12	18	1.8607	195.42999
20091221	2009	12	21	1.4327	198.23
20091222	2009	12	22	1.0745	200.36
20091223	2009	12	23	0.8684	202.10001
20091224	2009	12	24	3.4339	209.03999
20091228	2009	12	28	1.2294	211.61
20091229	2009	12	29	-1.1861	209.10001
20091230	2009	12	30	1.2147	211.64
20091231	2009	12	31	-0.429	210.73199
20100104	2010	1	4	1.5555	214.00999
20100105	2010	1	5	0.1729	214.38
20100106	2010	1	6	-1.5906	210.97
20100107	2010	1	7	-0.1849	210.58
20100108	2010	1	8	0.6648	211.98
20100111	2010	1	11	-0.8822	210.11
20100112	2010	1	12	-1.1375	207.72
20100113	2010	1	13	1.4105	210.64999
20100114	2010	1	14	-0.5792	209.42999
20100115	2010	1	15	-1.6712	205.92999
20100119	2010	1	19	4.4238	215.03999
20100120	2010	1	20	-1.5416	211.72501
20100121	2010	1	21	-1.7254	208.07201
20100122	2010	1	22	-4.9608	197.75
20100125	2010	1	25	2.6928	203.075
20100126	2010	1	26	1.4108	205.94
20100127	2010	1	27	0.944	207.884
20100128	2010	1	28	-4.134	199.28999
20100129	2010	1	29	-3.6264	192.063
20100201	2010	2	1	1.3886	194.73
20100202	2010	2	2	0.5803	195.86
20100203	2010	2	3	1.7206	199.23
20100204	2010	2	4	-3.6039	192.05
20100205	2010	2	5	1.7756	195.46001
20100208	2010	2	8	-0.6856	194.12
20100209	2010	2	9	1.0664	196.19
20100210	2010	2	10	-0.5474	195.116
20100211	2010	2	11	1.8215	198.67
20100212	2010	2	12	0.8607	200.38
20100216	2010	2	16	1.5071	203.39999
20100217	2010	2	17	-0.4179	202.55
20100218	2010	2	18	0.1866	202.92799
20100219	2010	2	19	-0.6199	201.67
20100222	2010	2	22	-0.6218	200.416
20100223	2010	2	23	-1.675	197.05901
20100224	2010	2	24	1.8253	200.65601
20100225	2010	2	25	0.6698	202
20100226	2010	2	26	1.297	204.62
20100301	2010	3	1	2.1357	208.99001
20100302	2010	3	2	-0.067	208.85001
20100303	2010	3	3	0.2298	209.33
20100304	2010	3	4	0.6592	210.71001
20100305	2010	3	5	3.9106	218.95
20100308	2010	3	8	0.0594	219.08
20100309	2010	3	9	1.7984	223.02
20100310	2010	3	10	0.8161	224.84
20100311	2010	3	11	0.2935	225.5
20100312	2010	3	12	0.4878	226.60001
20100315	2010	3	15	-1.218	223.84
20100316	2010	3	16	0.2725	224.45
20100317	2010	3	17	-0.147	224.12
20100318	2010	3	18	0.2365	224.64999
20100319	2010	3	19	-1.0684	222.24989
20100322	2010	3	22	1.1249	224.75
20100323	2010	3	23	1.6062	228.36
20100324	2010	3	24	0.4423	229.37
20100325	2010	3	25	-1.1859	226.64999
20100326	2010	3	26	1.8751	230.89999
20100329	2010	3	29	0.6453	232.39
20100330	2010	3	30	1.4867	235.845
20100331	2010	3	31	-0.3583	235
20100401	2010	4	1	0.4128	235.97
20100405	2010	4	5	1.0679	238.49001
20100406	2010	4	6	0.4403	239.53999
20100407	2010	4	7	0.4425	240.60001
20100408	2010	4	8	-0.2702	239.95
20100409	2010	4	9	0.7668	241.78999
20100412	2010	4	12	0.2068	242.28999
20100413	2010	4	13	0.0578	242.42999
20100414	2010	4	14	1.3447	245.69
20100415	2010	4	15	1.3147	248.92
20100416	2010	4	16	-0.6106	247.39999
20100419	2010	4	19	-0.1334	247.07001
20100420	2010	4	20	-1.0038	244.59
20100421	2010	4	21	5.9814	259.22
20100422	2010	4	22	2.7967	266.46951
20100423	2010	4	23	1.6364	270.82999
20100426	2010	4	26	-0.4911	269.5
20100427	2010	4	27	-2.7681	262.04001
20100428	2010	4	28	-0.1679	261.60001
20100429	2010	4	29	2.6911	268.64001
20100430	2010	4	30	-2.8105	261.09
20100503	2010	5	3	2.0146	266.35001
20100504	2010	5	4	-2.8797	258.67999
20100505	2010	5	5	-1.0418	255.985
20100506	2010	5	6	-3.803	246.25
20100507	2010	5	7	-4.2193	235.86
20100510	2010	5	10	7.6868	253.99001
20100511	2010	5	11	0.9961	256.51999
20100512	2010	5	12	2.1714	262.09
20100513	2010	5	13	-1.4232	258.35999
20100514	2010	5	14	-1.7572	253.82001
20100517	2010	5	17	0.1576	254.22
20100518	2010	5	18	-0.7316	252.36
20100519	2010	5	19	-1.593	248.34
20100520	2010	5	20	-4.2603	237.75999
20100521	2010	5	21	1.9179	242.32001
20100524	2010	5	24	1.8323	246.75999
20100525	2010	5	25	-0.6241	245.22
20100526	2010	5	26	-0.4531	244.10899
20100527	2010	5	27	3.7856	253.35001
20100528	2010	5	28	1.3933	256.88
20100601	2010	6	1	1.5377	260.82999
20100602	2010	6	2	1.1962	263.95001
20100603	2010	6	3	-0.3145	263.12
20100604	2010	6	4	-2.7193	255.965
20100607	2010	6	7	-1.9632	250.94
20100608	2010	6	8	-0.6416	249.33
20100609	2010	6	9	-2.4586	243.2
20100610	2010	6	10	3.0058	250.50999
20100611	2010	6	11	1.1976	253.50999
20100614	2010	6	14	0.3037	254.28
20100615	2010	6	15	2.1276	259.69
20100616	2010	6	16	2.9112	267.25
20100617	2010	6	17	1.7287	271.87
20100618	2010	6	18	0.8107	274.07401
20100621	2010	6	21	-1.4244	270.17001
20100622	2010	6	22	1.3621	273.85001
20100623	2010	6	23	-1.0517	270.97
20100624	2010	6	24	-0.727	269
20100625	2010	6	25	-0.855	266.70001
20100628	2010	6	28	0.5999	268.29999
20100629	2010	6	29	-4.521	256.17001
20100630	2010	6	30	-1.8113	251.53
20100701	2010	7	1	-1.2126	248.48
20100702	2010	7	2	-0.6198	246.94
20100706	2010	7	6	0.6844	248.63
20100707	2010	7	7	4.0361	258.66501
20100708	2010	7	8	-0.2223	258.09
20100709	2010	7	9	0.5928	259.62
20100712	2010	7	12	-0.8994	257.285
20100713	2010	7	13	-2.1327	251.798
20100714	2010	7	14	0.3689	252.72701
20100715	2010	7	15	-0.5053	251.45
20100716	2010	7	16	-0.6164	249.89999
20100719	2010	7	19	-1.7287	245.58
20100720	2010	7	20	2.5694	251.89
20100721	2010	7	21	0.9329	254.24001
20100722	2010	7	22	1.8817	259.02399
20100723	2010	7	23	0.3536	259.94
20100726	2010	7	26	-0.2539	259.28
20100727	2010	7	27	1.8513	264.07999
20100728	2010	7	28	-1.1815	260.95999
20100729	2010	7	29	-1.0921	258.10999
20100730	2010	7	30	-0.3332	257.25
20100802	2010	8	2	1.7881	261.85001
20100803	2010	8	3	0.0305	261.92999
20100804	2010	8	4	0.4009	262.98001
20100805	2010	8	5	-0.4867	261.70001
20100806	2010	8	6	-0.6148	260.091
20100809	2010	8	9	0.6379	261.75
20100810	2010	8	10	-0.894	259.41
20100811	2010	8	11	-3.5542	250.19
20100812	2010	8	12	0.6395	251.78999
20100813	2010	8	13	-1.0683	249.10001
20100816	2010	8	16	-0.5861	247.64
20100817	2010	8	17	1.7485	251.97
20100818	2010	8	18	0.4366	253.07001
20100819	2010	8	19	-1.2605	249.88
20100820	2010	8	20	-0.096	249.64
20100823	2010	8	23	-1.5382	245.8
20100824	2010	8	24	-2.3881	239.92999
20100825	2010	8	25	1.2337	242.89
20100826	2010	8	26	-1.0746	240.28
20100827	2010	8	27	0.5577	241.62
20100830	2010	8	30	0.3642	242.5
20100831	2010	8	31	0.2474	243.10001
20100901	2010	9	1	2.9741	250.33
20100902	2010	9	2	0.735	252.17
20100903	2010	9	3	2.6173	258.76999
20100907	2010	9	7	-0.371	257.81
20100908	2010	9	8	1.9821	262.92001
20100909	2010	9	9	0.057	263.07001
20100910	2010	9	10	0.1292	263.41
20100913	2010	9	13	1.3781	267.04001
20100914	2010	9	14	0.382	268.06
20100915	2010	9	15	0.8058	270.22
20100916	2010	9	16	2.3499	276.57001
20100917	2010	9	17	-0.4339	275.37
20100920	2010	9	20	2.8543	283.23001
20100921	2010	9	21	0.1907	283.76999
20100922	2010	9	22	1.4025	287.75
20100923	2010	9	23	0.4066	288.92001
20100924	2010	9	24	1.1768	292.32001
20100927	2010	9	27	-0.3955	291.164
20100928	2010	9	28	-1.4782	286.85999
20100929	2010	9	29	0.1778	287.37
20100930	2010	9	30	-1.2597	283.75
20101001	2010	10	1	-0.4335	282.51999
20101004	2010	10	4	-1.3733	278.64001
20101005	2010	10	5	3.6965	288.94
20101006	2010	10	6	0.0865	289.19
20101007	2010	10	7	0.0104	289.22
20101008	2010	10	8	1.6769	294.07001
20101011	2010	10	11	0.4387	295.35999
20101012	2010	10	12	1.0767	298.54001
20101013	2010	10	13	0.5359	300.14001
20101014	2010	10	14	0.723	302.31
20101015	2010	10	15	4.1117	314.73999
20101018	2010	10	18	1.0358	318
20101019	2010	10	19	-2.6761	309.48999
20101020	2010	10	20	0.336	310.53
20101021	2010	10	21	-0.3253	309.51999
20101022	2010	10	22	-0.6623	307.47
20101025	2010	10	25	0.4456	308.84
20101026	2010	10	26	-0.2558	308.04999
20101027	2010	10	27	-0.0714	307.82999
20101028	2010	10	28	-0.8414	305.23999
20101029	2010	10	29	-1.3956	300.98001
20101101	2010	11	1	1.0632	304.17999
20101102	2010	11	2	1.7029	309.35999
20101103	2010	11	3	1.112	312.79999
20101104	2010	11	4	1.7487	318.26999
20101105	2010	11	5	-0.3582	317.13
20101108	2010	11	8	0.4698	318.62
20101109	2010	11	9	-0.7972	316.07999
20101110	2010	11	10	0.6169	318.03
20101111	2010	11	11	-0.4323	316.655
20101112	2010	11	12	-2.7238	308.03
20101115	2010	11	15	-0.323	307.035
20101116	2010	11	16	-1.7734	301.59
20101117	2010	11	17	-0.3614	300.5
20101118	2010	11	18	2.6389	308.42999
20101119	2010	11	19	-0.5512	306.73001
20101122	2010	11	22	2.1615	313.35999
20101123	2010	11	23	-1.4775	308.73001
20101124	2010	11	24	1.9645	314.79501
20101126	2010	11	26	0.3065	315.76001
20101129	2010	11	29	0.3515	316.87
20101130	2010	11	30	-1.8052	311.14999
20101201	2010	12	1	1.6873	316.39999
20101202	2010	12	2	0.5531	318.14999
20101203	2010	12	3	-0.2232	317.44
20101206	2010	12	6	0.8537	320.14999
20101207	2010	12	7	-0.606	318.20999
20101208	2010	12	8	0.8799	321.01001
20101209	2010	12	9	-0.3902	319.75751
20101210	2010	12	10	0.251	320.56
20101213	2010	12	13	0.3463	321.67001
20101214	2010	12	14	-0.429	320.29001
20101215	2010	12	15	0.0218	320.35999
20101216	2010	12	16	0.2778	321.25
20101217	2010	12	17	-0.1992	320.60999
20101220	2010	12	20	0.4991	322.20999
20101221	2010	12	21	0.6192	324.20499
20101222	2010	12	22	0.2946	325.16
20101223	2010	12	23	-0.4798	323.60001
20101227	2010	12	27	0.3337	324.67999
20101228	2010	12	28	0.2433	325.47
20101229	2010	12	29	-0.0553	325.29001
20101230	2010	12	30	-0.5011	323.66
20101231	2010	12	31	-0.3399	322.56
20110103	2011	1	3	2.1732	329.57001
20110104	2011	1	4	0.5219	331.29001
20110105	2011	1	5	0.818	334
20110106	2011	1	6	-0.0808	333.73001
20110107	2011	1	7	0.7161	336.12
20110110	2011	1	10	1.8847	342.45499
20110111	2011	1	11	-0.238	341.64001
20110112	2011	1	12	0.8137	344.42001
20110113	2011	1	13	0.3658	345.67999
20110114	2011	1	14	0.81	348.48001
20110118	2011	1	18	-2.2469	340.64999
20110119	2011	1	19	-0.5313	338.84
20110120	2011	1	20	-1.818	332.67999
20110121	2011	1	21	-1.7915	326.72
20110124	2011	1	24	3.2842	337.45001
20110125	2011	1	25	1.1705	341.39999
20110126	2011	1	26	0.7176	343.85001
20110127	2011	1	27	-0.1861	343.20999
20110128	2011	1	28	-2.0716	336.10001
20110131	2011	1	31	0.958	339.32001
20110201	2011	2	1	1.6828	345.03
20110202	2011	2	2	-0.2058	344.32001
20110203	2011	2	3	-0.2556	343.44
20110204	2011	2	4	0.891	346.5
20110207	2011	2	7	1.5527	351.88
20110208	2011	2	8	0.9435	355.20001
20110209	2011	2	9	0.8333	358.16
20110210	2011	2	10	-1.0107	354.54001
20110211	2011	2	11	0.6515	356.85001
20110214	2011	2	14	0.6529	359.17999
20110215	2011	2	15	0.2005	359.89999
20110216	2011	2	16	0.8975	363.13
20110217	2011	2	17	-1.3301	358.29999
20110218	2011	2	18	-2.1602	350.56
20110222	2011	2	22	-3.4088	338.60999
20110223	2011	2	23	1.1843	342.62
20110224	2011	2	24	0.0759	342.88
20110225	2011	2	25	1.5399	348.16
20110228	2011	2	28	1.4505	353.20999
20110301	2011	3	1	-1.1042	349.31
20110302	2011	3	2	0.8044	352.12
20110303	2011	3	3	2.1129	359.56
20110304	2011	3	4	0.1224	360
20110307	2011	3	7	-1.2889	355.35999
20110308	2011	3	8	0.1126	355.76001
20110309	2011	3	9	-0.9248	352.47
20110310	2011	3	10	-1.6455	346.67001
20110311	2011	3	11	1.5346	351.98999
20110314	2011	3	14	0.446	353.56
20110315	2011	3	15	-2.2995	345.42999
20110316	2011	3	16	-4.464	330.01001
20110317	2011	3	17	1.403	334.64001
20110318	2011	3	18	-1.1863	330.67001
20110321	2011	3	21	2.6098	339.29999
20110322	2011	3	22	0.56	341.20001
20110323	2011	3	23	-0.5891	339.19
20110324	2011	3	24	1.7041	344.97
20110325	2011	3	25	1.9045	351.54001
20110328	2011	3	28	-0.3129	350.44
20110329	2011	3	29	0.1484	350.95999
20110330	2011	3	30	-0.6639	348.63
20110331	2011	3	31	-0.0351	348.50751
20110401	2011	4	1	-1.1327	344.56
20110404	2011	4	4	-0.9781	341.19
20110405	2011	4	5	-0.6741	338.89001
20110406	2011	4	6	-0.2508	338.04001
20110407	2011	4	7	0.0118	338.07999
20110408	2011	4	8	-0.8933	335.06
20110411	2011	4	11	-1.2714	330.79999
20110412	2011	4	12	0.4837	332.39999
20110413	2011	4	13	1.1221	336.13
20110414	2011	4	14	-1.1037	332.42001
20110415	2011	4	15	-1.4921	327.45999
20110418	2011	4	18	1.3406	331.85001
20110419	2011	4	19	1.8111	337.85999
20110420	2011	4	20	1.3467	342.41
20110421	2011	4	21	2.4199	350.69601
20110425	2011	4	25	0.6595	353.009
20110426	2011	4	26	-0.7334	350.42001
20110427	2011	4	27	-0.0771	350.14999
20110428	2011	4	28	-0.971	346.75
20110429	2011	4	29	0.9748	350.13
20110502	2011	5	2	-1.0996	346.28
20110503	2011	5	3	0.5545	348.20001
20110504	2011	5	4	0.3935	349.57001
20110505	2011	5	5	-0.8067	346.75
20110506	2011	5	6	-0.026	346.66
20110509	2011	5	9	0.2712	347.60001
20110510	2011	5	10	0.5322	349.45001
20110511	2011	5	11	-0.6353	347.23001
20110512	2011	5	12	-0.1901	346.57001
20110513	2011	5	13	-1.7515	340.5
20110516	2011	5	16	-2.1145	333.29999
20110517	2011	5	17	0.8521	336.14001
20110518	2011	5	18	1.1097	339.87
20110519	2011	5	19	0.1942	340.53
20110520	2011	5	20	-1.5593	335.22
20110523	2011	5	23	-0.2446	334.39999
20110524	2011	5	24	-0.6609	332.19
20110525	2011	5	25	1.3817	336.78
20110526	2011	5	26	-0.5285	335
20110527	2011	5	27	0.7194	337.41
20110531	2011	5	31	3.0882	347.82999
20110601	2011	6	1	-0.667	345.51001
20110602	2011	6	2	0.1713	346.10199
20110603	2011	6	3	-0.7691	343.44
20110606	2011	6	6	-1.5723	338.04001
20110607	2011	6	7	-1.7749	332.04001
20110608	2011	6	8	0.0602	332.23999
20110609	2011	6	9	-0.2257	331.48999
20110610	2011	6	10	-1.6863	325.89999
20110613	2011	6	13	0.2148	326.60001
20110614	2011	6	14	1.7881	332.44
20110615	2011	6	15	-1.7116	326.75
20110616	2011	6	16	-0.4866	325.16
20110617	2011	6	17	-1.5069	320.26001
20110620	2011	6	20	-1.5425	315.32001
20110621	2011	6	21	3.165	325.29999
20110622	2011	6	22	-0.8269	322.60999
20110623	2011	6	23	2.672	331.23001
20110624	2011	6	24	-1.4733	326.35001
20110627	2011	6	27	1.7435	332.04001
20110628	2011	6	28	0.9698	335.26001
20110629	2011	6	29	-0.3639	334.04001
20110630	2011	6	30	0.488	335.67001
20110701	2011	7	1	2.2611	343.26001
20110705	2011	7	5	1.7975	349.42999
20110706	2011	7	6	0.6668	351.76001
20110707	2011	7	7	1.5465	357.20001
20110708	2011	7	8	0.7027	359.70999
20110711	2011	7	11	-1.5874	354
20110712	2011	7	12	-0.0706	353.75
20110713	2011	7	13	1.2071	358.01999
20110714	2011	7	14	-0.0698	357.76999
20110715	2011	7	15	1.9985	364.92001
20110718	2011	7	18	2.4334	373.79999
20110719	2011	7	19	0.8159	376.85001
20110720	2011	7	20	2.6668	386.89999
20110721	2011	7	21	0.1008	387.29001
20110722	2011	7	22	1.5518	393.29999
20110725	2011	7	25	1.3221	398.5
20110726	2011	7	26	1.2321	403.41
20110727	2011	7	27	-2.6821	392.59
20110728	2011	7	28	-0.1961	391.82001
20110729	2011	7	29	-0.342	390.48001
20110801	2011	8	1	1.6057	396.75
20110802	2011	8	2	-1.9761	388.91
20110803	2011	8	3	0.9411	392.57001
20110804	2011	8	4	-3.8719	377.37
20110805	2011	8	5	-0.9937	373.62
20110808	2011	8	8	-5.4628	353.20999
20110809	2011	8	9	5.8889	374.01001
20110810	2011	8	10	-2.7593	363.69
20110811	2011	8	11	2.7523	373.70001
20110812	2011	8	12	0.8804	376.98999
20110815	2011	8	15	1.703	383.41
20110816	2011	8	16	-0.7642	380.48001
20110817	2011	8	17	-0.0105	380.44
20110818	2011	8	18	-3.7825	366.04999
20110819	2011	8	19	-2.7373	356.03
20110822	2011	8	22	0.1152	356.44
20110823	2011	8	23	4.8143	373.60001
20110824	2011	8	24	0.6906	376.17999
20110825	2011	8	25	-0.6539	373.72
20110826	2011	8	26	2.6383	383.57999
20110829	2011	8	29	1.6659	389.97
20110830	2011	8	30	0.0051	389.98999
20110831	2011	8	31	-1.3231	384.82999
20110901	2011	9	1	-0.9874	381.03
20110902	2011	9	2	-1.8319	374.04999
20110906	2011	9	6	1.5212	379.73999
20110907	2011	9	7	1.1034	383.92999
20110908	2011	9	8	0.0547	384.14001
20110909	2011	9	9	-1.7337	377.48001
20110912	2011	9	12	0.6517	379.94
20110913	2011	9	13	1.2318	384.62
20110914	2011	9	14	1.2168	389.29999
20110915	2011	9	15	0.9401	392.95999
20110916	2011	9	16	1.9188	400.5
20110919	2011	9	19	2.779	411.63
20110920	2011	9	20	0.4421	413.45001
20110921	2011	9	21	-0.3168	412.14001
20110922	2011	9	22	-2.504	401.82001
20110923	2011	9	23	0.6172	404.29999
20110926	2011	9	26	-0.2795	403.17001
20110927	2011	9	27	-0.9698	399.26001
20110928	2011	9	28	-0.5635	397.01001
20110929	2011	9	29	-1.6221	390.57001
20110930	2011	9	30	-2.3683	381.32001
20111003	2011	10	3	-1.7623	374.60001
20111004	2011	10	4	-0.5606	372.5
20111005	2011	10	5	1.5436	378.25
20111006	2011	10	6	-0.2327	377.37
20111007	2011	10	7	-2.006	369.79999
20111010	2011	10	10	5.1406	388.81
20111011	2011	10	11	2.9526	400.29001
20111012	2011	10	12	0.4747	402.19
20111013	2011	10	13	1.5515	408.42999
20111014	2011	10	14	3.3225	422
20111017	2011	10	17	-0.4763	419.98999
20111018	2011	10	18	0.5357	422.23999
20111019	2011	10	19	-5.594	398.62
20111020	2011	10	20	-0.8304	395.31
20111021	2011	10	21	-0.6172	392.87
20111024	2011	10	24	3.2835	405.76999
20111025	2011	10	25	-1.9716	397.76999
20111026	2011	10	26	0.7115	400.60001
20111027	2011	10	27	1.021	404.69
20111028	2011	10	28	0.0642	404.95001
20111031	2011	10	31	-0.042	404.78
20111101	2011	11	1	-2.0431	396.51001
20111102	2011	11	2	0.227	397.41
20111103	2011	11	3	1.4242	403.07001
20111104	2011	11	4	-0.7021	400.23999
20111107	2011	11	7	-0.1274	399.73001
20111108	2011	11	8	1.6261	406.23001
20111109	2011	11	9	-2.6955	395.28
20111110	2011	11	10	-2.545	385.22
20111111	2011	11	11	-0.1558	384.62
20111114	2011	11	14	-1.3936	379.26001
20111115	2011	11	15	2.5233	388.82999
20111116	2011	11	16	-1.0442	384.76999
20111117	2011	11	17	-1.9128	377.41
20111118	2011	11	18	-0.6545	374.94
20111121	2011	11	21	-1.5816	369.01001
20111122	2011	11	22	2.0325	376.51001
20111123	2011	11	23	-2.5285	366.98999
20111125	2011	11	25	-0.9319	363.57001
20111128	2011	11	28	3.4519	376.12
20111129	2011	11	29	-0.7763	373.20001
20111130	2011	11	30	2.4116	382.20001
20111201	2011	12	1	1.4992	387.92999
20111202	2011	12	2	0.4563	389.70001
20111205	2011	12	5	0.8494	393.01001
20111206	2011	12	6	-0.5242	390.95001
20111207	2011	12	7	-0.4758	389.09
20111208	2011	12	8	0.4035	390.66
20111209	2011	12	9	0.7577	393.62
20111212	2011	12	12	-0.4522	391.84
20111213	2011	12	13	-0.7733	388.81
20111214	2011	12	14	-2.217	380.19
20111215	2011	12	15	-0.3288	378.94
20111216	2011	12	16	0.5489	381.01999
20111219	2011	12	19	0.3123	382.20999
20111220	2011	12	20	3.5949	395.95001
20111221	2011	12	21	0.125	396.44501
20111222	2011	12	22	0.531	398.54999
20111223	2011	12	23	1.1993	403.32999
20111227	2011	12	27	0.7934	406.53
20111228	2011	12	28	-0.9569	402.64001
20111229	2011	12	29	0.6159	405.12
20111230	2011	12	30	-0.0296	405
