DATE	Price	Berkshire Stock Return	Market Return	Risk Free Return	Excess Stock Return	Excess Market Return
19800131	-345	0.045455	0.065607	0.007968	0.037487	0.057639
19800229	-345	0	0.001015	0.010654	-0.010654	-0.009639
19800331	-270	-0.217391	-0.120224	0.012009	-0.2294	-0.132233
19800430	-290	0.074074	0.052288	0.012865	0.061209	0.039423
19800530	-330	0.137931	0.06009	0.007883	0.130048	0.052207
19800630	-310	-0.060606	0.037714	0.006312	-0.066918	0.031402
19800731	-350	0.129032	0.069438	0.005281	0.123751	0.064157
19800829	-385	0.1	0.023553	0.005973	0.094027	0.01758
19800930	-392.5	0.019481	0.029498	0.008698	0.010783	0.0208
19801031	-422.5	0.076433	0.020093	0.008912	0.067521	0.011181
19801128	-442.5	0.047337	0.104951	0.008895	0.038442	0.096056
19801231	-432.5	-0.022599	-0.034409	0.014149	-0.036748	-0.048558
19810130	-440	0.017341	-0.040085	0.009957	0.007384	-0.050042
19810227	-492.5	0.119318	0.015521	0.010685	0.108633	0.004836
19810331	-490	-0.005076	0.046184	0.013157	-0.018233	0.033027
19810430	-525	0.071429	-0.011268	0.010756	0.060673	-0.022024
19810529	-530	0.009524	0.013551	0.010646	-0.001122	0.002905
19810630	-517.5	-0.023585	-0.010242	0.015158	-0.038743	-0.0254
19810731	-492.5	-0.048309	-0.00308	0.011915	-0.060224	-0.014995
19810831	-492.5	0	-0.056279	0.012804	-0.012804	-0.069083
19810930	-470	-0.045685	-0.063772	0.012794	-0.058479	-0.076566
19811030	-515	0.095745	0.060162	0.011685	0.08406	0.048477
19811130	-590	0.145631	0.045849	0.01103	0.134601	0.034819
19811231	-565	-0.042373	-0.028096	0.008738	-0.051111	-0.036834
19820129	-517.5	-0.084071	-0.026209	0.007306	-0.091377	-0.033515
19820226	-522.5	0.009662	-0.051126	0.009176	0.000486	-0.060302
19820331	-487.5	-0.066986	-0.010099	0.011077	-0.078063	-0.021176
19820430	-517.5	0.061538	0.043267	0.01129	0.050248	0.031977
19820528	-512.5	-0.009662	-0.028212	0.009592	-0.019254	-0.037804
19820630	-505	-0.014634	-0.023912	0.01071	-0.025344	-0.034622
19820730	-482.5	-0.044554	-0.020526	0.01021	-0.054764	-0.030736
19820831	-492.5	0.020725	0.119013	0.008342	0.012383	0.110671
19820930	-557.5	0.13198	0.016761	0.005118	0.126862	0.011643
19821029	-622.5	0.116592	0.118636	0.005475	0.111117	0.113161
19821130	-697.5	0.120482	0.051935	0.007201	0.113281	0.044734
19821231	-782.5	0.121864	0.014516	0.006289	0.115575	0.008227
19830131	-772.5	-0.01278	0.04185	0.006864	-0.019644	0.034986
19830228	-840	0.087379	0.030218	0.006186	0.081193	0.024032
19830331	-975	0.160714	0.034673	0.006326	0.154388	0.028347
19830429	-982.5	0.007692	0.074188	0.006918	0.000774	0.06727
19830531	-995	0.012723	0.013224	0.007584	0.005139	0.00564
19830630	-920	-0.075377	0.037837	0.006661	-0.082038	0.031176
19830729	-957.5	0.040761	-0.031567	0.006917	0.033844	-0.038484
19830831	-1030	0.075718	0.003464	0.008342	0.067376	-0.004878
19830930	1245	0.208738	0.016059	0.007607	0.201131	0.008452
19831031	1310	0.052209	-0.028049	0.007433	0.044776	-0.035482
19831130	-1365	0.041985	0.029556	0.007199	0.034786	0.022357
19831230	-1325	-0.029304	-0.010464	0.007039	-0.036343	-0.017503
19840131	-1337.5	0.009434	-0.013023	0.008083	0.001351	-0.021106
19840229	-1292.5	-0.033645	-0.039073	0.007328	-0.040973	-0.046401
19840330	-1252.5	-0.030948	0.013389	0.00728	-0.038228	0.006109
19840430	-1262.5	0.007984	0.002534	0.00813	-0.000146	-0.005596
19840531	-1300	0.029703	-0.052342	0.007898	0.021805	-0.06024
19840629	-1275	-0.019231	0.023385	0.007534	-0.026765	0.015851
19840731	-1252.5	-0.017647	-0.020621	0.008755	-0.026402	-0.029376
19840831	-1302.5	0.03992	0.112689	0.007963	0.031957	0.104726
19840928	-1317.5	0.011516	0.000404	0.008293	0.003223	-0.007889
19841031	-1312.5	-0.003795	-0.000074	0.009766	-0.013561	-0.00984
19841130	-1292.5	-0.015238	-0.010685	0.007334	-0.022572	-0.018019
19841231	-1287.5	-0.003868	0.023656	0.006923	-0.010791	0.016733
19850131	-1410	0.095146	0.085718	0.006474	0.088672	0.079244
19850228	-1505	0.067376	0.016896	0.006033	0.061343	0.010863
19850329	-1832.5	0.217608	-0.001747	0.00616	0.211448	-0.007907
19850430	1850	0.00955	-0.002186	0.007565	0.001985	-0.009751
19850531	1860	0.005405	0.055775	0.006062	-0.000657	0.049713
19850628	2150	0.155914	0.017091	0.005546	0.150368	0.011545
19850731	2110	-0.018605	-0.000251	0.006196	-0.024801	-0.006447
19850830	2040	-0.033175	-0.004795	0.005792	-0.038967	-0.010587
19850930	2070	0.014706	-0.039825	0.006049	0.008657	-0.045874
19851031	2620	0.2657	0.044441	0.006021	0.259679	0.03842
19851129	2625	0.001908	0.069228	0.006156	-0.004248	0.063072
19851231	2470	-0.059048	0.043061	0.006139	-0.065187	0.036922
19860131	2255	-0.087045	0.009829	0.004865	-0.09191	0.004964
19860228	2760	0.223947	0.0725	0.005296	0.218651	0.067204
19860331	3120	0.130435	0.053885	0.005963	0.124472	0.047922
19860430	2910	-0.067308	-0.0079	0.005341	-0.072649	-0.013241
19860530	2860	-0.017182	0.050844	0.004934	-0.022116	0.04591
19860630	2975	0.04021	0.014246	0.005246	0.034964	0.009
19860731	2825	-0.05042	-0.0597	0.005011	-0.055431	-0.064711
19860829	2900	0.026549	0.066181	0.004614	0.021935	0.061567
19860930	2625	-0.094828	-0.079021	0.004783	-0.099611	-0.083804
19861031	2875	0.095238	0.049303	0.004209	0.091029	0.045094
19861128	2740	-0.046957	0.015093	0.003924	-0.050881	0.011169
19861231	2820	0.029197	-0.026388	0.004767	0.02443	-0.031155
19870130	3100	0.099291	0.128496	0.004151	0.09514	0.124345
19870227	3360	0.083871	0.047918	0.004309	0.079562	0.043609
19870331	3520	0.047619	0.023664	0.005012	0.042607	0.018652
19870430	3380	-0.039773	-0.017001	0.004285	-0.044058	-0.021286
19870529	3410	0.008876	0.005125	0.00376	0.005116	0.001365
19870630	3500	0.026393	0.043662	0.005031	0.021362	0.038631
19870731	3960	0.131429	0.044248	0.004058	0.127371	0.04019
19870831	3990	0.007576	0.037146	0.004744	0.002832	0.032402
19870930	4220	0.057644	-0.020774	0.00482	0.052824	-0.025594
19871030	3325	-0.212085	-0.225363	0.00604	-0.218125	-0.231403
19871130	2900	-0.12782	-0.072273	0.003366	-0.131186	-0.075639
19871231	2950	0.017241	0.070327	0.002988	0.014253	0.067339
19880129	3030	0.027119	0.04488	0.002762	0.024357	0.042118
19880229	3150	0.039604	0.051695	0.004564	0.03504	0.047131
19880331	3425	0.087302	-0.016598	0.004402	0.0829	-0.021
19880429	3775	0.10219	0.010991	0.004577	0.097613	0.006414
19880531	3925	0.039735	0.000448	0.005051	0.034684	-0.004603
19880630	4150	0.057325	0.05146	0.004832	0.052493	0.046628
19880729	4350	0.048193	-0.007272	0.00506	0.043133	-0.012332
19880831	4325	-0.005747	-0.028006	0.005957	-0.011704	-0.033963
19880930	4800	0.109827	0.037202	0.006145	0.103682	0.031057
19881031	4725	-0.015625	0.017637	0.006074	-0.021699	0.011563
19881130	4700	-0.005291	-0.016412	0.005742	-0.011033	-0.022154
19881230	4700	0	0.021075	0.006306	-0.006306	0.014769
19890131	4925	0.047872	0.066103	0.005766	0.042106	0.060337
19890228	4725	-0.040609	-0.016446	0.00611	-0.046719	-0.022556
19890331	4950	0.047619	0.021465	0.006213	0.041406	0.015252
19890428	6275	0.267677	0.048204	0.00681	0.260867	0.041394
19890531	6425	0.023904	0.039338	0.008006	0.015898	0.031332
19890630	6575	0.023346	-0.004866	0.007147	0.016199	-0.012013
19890731	7500	0.140684	0.077131	0.00704	0.133644	0.070091
19890831	7975	0.063333	0.022127	0.006684	0.056649	0.015443
19890929	8625	0.081505	-0.001474	0.006387	0.075118	-0.007861
19891031	8510	-0.013333	-0.029281	0.00682	-0.020153	-0.036101
19891130	8250	-0.030552	0.017815	0.00634	-0.036892	0.011475
19891229	8675	0.051515	0.018295	0.005941	0.045574	0.012354
19900131	7455	-0.140634	-0.070115	0.005852	-0.146486	-0.075967
19900228	7225	-0.030852	0.014901	0.005818	-0.03667	0.009083
19900330	6725	-0.069204	0.02414	0.00638	-0.075584	0.01776
19900430	6700	-0.003717	-0.028286	0.006829	-0.010546	-0.035115
19900531	7150	0.067164	0.088936	0.006404	0.06076	0.082532
19900629	7200	0.006993	-0.004196	0.005898	0.001095	-0.010094
19900731	7000	-0.027778	-0.009405	0.006704	-0.034482	-0.016109
19900831	6400	-0.085714	-0.091896	0.006154	-0.091868	-0.09805
19900928	5875	-0.082031	-0.053843	0.005984	-0.088015	-0.059827
19901031	5950	0.012766	-0.012504	0.006559	0.006207	-0.019063
19901130	6345	0.066387	0.065744	0.005651	0.060736	0.060093
19901231	6675	0.052009	0.029513	0.005989	0.04602	0.023524
19910131	7400	0.108614	0.049078	0.004637	0.103977	0.044441
19910228	8075	0.091216	0.075847	0.004767	0.086449	0.07108
19910328	8025	-0.006192	0.028923	0.004391	-0.010583	0.024532
19910430	8125	0.012461	0.003322	0.005335	0.007126	-0.002013
19910531	8750	0.076923	0.040732	0.004461	0.072462	0.036271
19910628	8400	-0.04	-0.044029	0.004171	-0.044171	-0.0482
19910731	8525	0.014881	0.046795	0.00484	0.010041	0.041955
19910830	8775	0.029326	0.026819	0.00461	0.024716	0.022209
19910930	8875	0.011396	-0.010975	0.004558	0.006838	-0.015533
19911031	8570	-0.034366	0.017789	0.004246	-0.038612	0.013543
19911129	8350	-0.025671	-0.037275	0.003915	-0.029586	-0.04119
19911231	9050	0.083832	0.106778	0.003792	0.08004	0.102986
19920131	8850	-0.022099	-0.001182	0.003059	-0.025158	-0.004241
19920228	8725	-0.014124	0.013354	0.002828	-0.016952	0.010526
19920331	8950	0.025788	-0.0237	0.003376	0.022412	-0.027076
19920430	9125	0.019553	0.013419	0.003303	0.01625	0.010116
19920529	9100	-0.00274	0.006439	0.002758	-0.005498	0.003681
19920630	9225	0.013736	-0.019287	0.003201	0.010535	-0.022488
19920731	9525	0.03252	0.0399	0.002892	0.029628	0.037008
19920831	9125	-0.041995	-0.02082	0.002605	-0.0446	-0.023425
19920930	9400	0.030137	0.012447	0.002573	0.027564	0.009874
19921030	9475	0.007979	0.010986	0.002286	0.005693	0.0087
19921130	10725	0.131926	0.040193	0.002346	0.12958	0.037847
19921231	11750	0.095571	0.017768	0.00227	0.093301	0.015498
19930129	12100	0.029787	0.012643	0.002335	0.027452	0.010308
19930226	12475	0.030992	0.005402	0.002209	0.028783	0.003193
19930331	12750	0.022044	0.025116	0.002538	0.019506	0.022578
19930430	12650	-0.007843	-0.0254	0.002372	-0.010215	-0.027772
19930528	15000	0.185771	0.029598	0.002168	0.183603	0.02743
19930630	15400	0.026667	0.00544	0.002756	0.023911	0.002684
19930730	16000	0.038961	-0.000795	0.002402	0.036559	-0.003197
19930831	17525	0.095312	0.039479	0.00253	0.092782	0.036949
19930930	16675	-0.048502	0.000641	0.002356	-0.050858	-0.001715
19931029	17250	0.034483	0.018064	0.00221	0.032273	0.015854
19931130	17250	0	-0.017606	0.002477	-0.002477	-0.020083
19931231	16325	-0.053623	0.019513	0.002263	-0.055886	0.01725
19940131	16200	-0.007657	0.031466	0.002503	-0.01016	0.028963
19940228	15450	-0.046296	-0.024224	0.00212	-0.048416	-0.026344
19940331	15925	0.030744	-0.045795	0.002469	0.028275	-0.048264
19940429	16100	0.010989	0.009478	0.002711	0.008278	0.006767
19940531	16100	0	0.00936	0.00315	-0.00315	0.00621
19940630	16100	0	-0.027909	0.003118	-0.003118	-0.031027
19940729	19600	0.217391	0.030633	0.002751	0.21464	0.027882
19940831	19100	-0.02551	0.042597	0.003687	-0.029197	0.03891
19940930	18950	-0.007853	-0.018363	0.003659	-0.011512	-0.022022
19941031	20250	0.068602	0.01452	0.00384	0.064762	0.01068
19941130	20525	0.01358	-0.037219	0.003691	0.009889	-0.04091
19941230	20400	-0.00609	0.012609	0.00443	-0.01052	0.008179
19950131	24600	0.205882	0.020399	0.004156	0.201726	0.016243
19950228	22275	-0.094512	0.039615	0.003983	-0.098495	0.035632
19950331	22650	0.016835	0.027041	0.004134	0.012701	0.022907
19950428	21600	-0.046358	0.025048	0.00445	-0.050808	0.020598
19950531	22700	0.050926	0.034007	0.005355	0.045571	0.028652
19950630	23450	0.03304	0.031173	0.004714	0.028326	0.026459
19950731	24750	0.055437	0.040783	0.004522	0.050915	0.036261
19950831	25500	0.030303	0.009305	0.004637	0.025666	0.004668
19950929	29400	0.152941	0.036362	0.004309	0.148632	0.032053
19951031	29500	0.003401	-0.011317	0.004714	-0.001313	-0.016031
19951130	31300	0.061017	0.042708	0.004108	0.056909	0.0386
19951229	32100	0.025559	0.015191	0.004882	0.020677	0.010309
19960131	31900	-0.006231	0.028144	0.004278	-0.010509	0.023866
19960229	35500	0.112853	0.01631	0.003908	0.108945	0.012402
19960329	33850	-0.046479	0.010927	0.003943	-0.050422	0.006984
19960430	33500	-0.01034	0.025511	0.004579	-0.014919	0.020932
19960531	30500	-0.089552	0.0268	0.003982	-0.093534	0.022818
19960628	30700	0.006557	-0.008298	0.004	0.002557	-0.012298
19960731	30900	0.006515	-0.053819	0.004497	0.002018	-0.058316
19960830	31300	0.012945	0.032463	0.004122	0.008823	0.028341
19960930	32150	0.027157	0.053015	0.004375	0.022782	0.04864
19961031	32400	0.007776	0.013632	0.004246	0.00353	0.009386
19961129	33200	0.024691	0.065502	0.003941	0.02075	0.061561
19961231	34100	0.027108	-0.011358	0.004404	0.022704	-0.015762
19970131	34800	0.020528	0.053449	0.004014	0.016514	0.049435
19970228	35500	0.020115	-0.001144	0.003788	0.016327	-0.004932
19970331	36200	0.019718	-0.04482	0.00431	0.015408	-0.04913
19970430	38000	0.049724	0.042303	0.004313	0.045411	0.03799
19970530	43000	0.131579	0.071624	0.004263	0.127316	0.067361
19970630	47200	0.097674	0.044145	0.003744	0.09393	0.040401
19970731	47200	0	0.076502	0.004294	-0.004294	0.072208
19970829	41500	-0.120763	-0.036267	0.004058	-0.124821	-0.040325
19970930	44800	0.079518	0.058433	0.004576	0.074942	0.053857
19971031	43700	-0.024554	-0.034528	0.003911	-0.028465	-0.038439
19971128	45300	0.036613	0.030459	0.003773	0.03284	0.026686
19971231	46000	0.015453	0.017772	0.004629	0.010824	0.013143
19980130	50300	0.093478	0.004529	0.004204	0.089274	0.000325
19980227	55800	0.109344	0.07323	0.003847	0.105497	0.069383
19980331	67200	0.204301	0.051324	0.004485	0.199816	0.046839
19980430	68600	0.020833	0.010862	0.004308	0.016525	0.006554
19980529	70700	0.030612	-0.025755	0.003805	0.026807	-0.02956
19980630	78305	0.107567	0.031955	0.004021	0.103546	0.027934
19980731	70105	-0.104719	-0.023264	0.003873	-0.108592	-0.027137
19980831	60500	-0.137009	-0.157666	0.004012	-0.141021	-0.161678
19980930	59600	-0.014876	0.063835	0.003875	-0.018751	0.05996
19981030	64500	0.082215	0.074357	0.003353	0.078862	0.071004
19981130	67900	0.052713	0.061985	0.003233	0.04948	0.058752
19981231	70000	0.030928	0.063054	0.003779	0.027149	0.059275
19990129	65000	-0.071429	0.038345	0.003494	-0.074923	0.034851
19990226	71100	0.093846	-0.038105	0.003372	0.090474	-0.041477
19990331	71400	0.004219	0.037861	0.004076	0.000143	0.033785
19990430	76400	0.070028	0.049	0.003784	0.066244	0.045216
19990528	72000	-0.057592	-0.020721	0.003463	-0.061055	-0.024184
19990630	68900	-0.043056	0.051021	0.004098	-0.047154	0.046923
19990730	67805	-0.015893	-0.030635	0.003658	-0.019551	-0.034293
19990831	64200	-0.053167	-0.009985	0.003876	-0.057043	-0.013861
19990930	55000	-0.143302	-0.022868	0.003705	-0.147007	-0.026573
19991029	63900	0.161818	0.062049	0.003581	0.158237	0.058468
19991130	57300	-0.103286	0.036814	0.003811	-0.107097	0.033003
19991231	56100	-0.020942	0.083721	0.003764	-0.024706	0.079957
20000131	51200	-0.087344	-0.039588	0.004343	-0.091687	-0.043931
20000229	44000	-0.140625	0.031844	0.004295	-0.14492	0.027549
20000331	57200	0.3	0.053523	0.004377	0.295623	0.049146
20000428	59300	0.036713	-0.059466	0.004595	0.032118	-0.064061
20000531	58600	-0.011804	-0.039047	0.004782	-0.016586	-0.043829
20000630	53800	-0.081911	0.05164	0.003744	-0.085655	0.047896
20000731	55100	0.024164	-0.017106	0.004772	0.019392	-0.021878
20000831	57700	0.047187	0.075811	0.005002	0.042185	0.070809
20000929	64400	0.116118	-0.051138	0.005093	0.111025	-0.056231
20001031	63700	-0.01087	-0.024557	0.005217	-0.016087	-0.029774
20001130	65900	0.034537	-0.102534	0.004966	0.029571	-0.1075
20001229	71000	0.07739	0.020299	0.004909	0.072481	0.01539
20010131	68400	-0.03662	0.039524	0.005243	-0.041863	0.034281
20010228	70300	0.027778	-0.099267	0.003653	0.024125	-0.10292
20010330	65450	-0.06899	-0.070286	0.00432	-0.07331	-0.074606
20010430	68000	0.038961	0.083911	0.003864	0.035097	0.080047
20010531	68700	0.010294	0.010566	0.003183	0.007111	0.007383
20010629	69400	0.010189	-0.017474	0.002778	0.007411	-0.020252
20010731	69200	-0.002882	-0.018316	0.002999	-0.005881	-0.021315
20010831	69400	0.00289	-0.059095	0.002996	-0.000106	-0.062091
20010928	70000	0.008646	-0.091543	0.00273	0.005916	-0.094273
20011031	71200	0.017143	0.02797	0.002154	0.014989	0.025816
20011130	70000	-0.016854	0.078735	0.001749	-0.018603	0.076986
20011231	75600	0.08	0.017844	0.001484	0.078516	0.01636
20020131	73900	-0.022487	-0.016046	0.00139	-0.023877	-0.017436
20020228	73000	-0.012179	-0.021713	0.001285	-0.013464	-0.022998
20020328	71100	-0.026027	0.044688	0.001341	-0.027368	0.043347
20020430	73450	0.033052	-0.049654	0.001546	0.031506	-0.0512
20020531	74600	0.015657	-0.010478	0.001442	0.014215	-0.01192
20020628	66800	-0.104558	-0.070251	0.001312	-0.10587	-0.071563
20020731	68300	0.022455	-0.081135	0.001507	0.020948	-0.082642
20020830	73000	0.068814	0.007965	0.001402	0.067412	0.006563
20020930	73900	0.012329	-0.099965	0.001414	0.010915	-0.101379
20021031	74190	0.003924	0.074926	0.001334	0.00259	0.073592
20021129	72300	-0.025475	0.061275	0.001166	-0.026641	0.060109
20021231	72750	0.006224	-0.053316	0.001079	0.005145	-0.054395
20030131	67600	-0.07079	-0.023392	0.000934	-0.071724	-0.024326
20030228	61700	-0.087278	-0.01539	0.000871	-0.088149	-0.016261
20030331	63800	0.034036	0.010325	0.00102	0.033016	0.009305
20030430	69815	0.094279	0.082762	0.000939	0.09334	0.081823
20030530	71000	0.016973	0.063471	0.000903	0.01607	0.062568
20030630	72500	0.021127	0.016335	0.000984	0.020143	0.015351
20030731	72010	-0.006759	0.023112	0.000674	-0.007433	0.022438
20030829	75775	0.052284	0.024966	0.000689	0.051595	0.024277
20030930	75000	-0.010228	-0.009112	0.000865	-0.011093	-0.009977
20031031	77810	0.037467	0.060318	0.0007	0.036767	0.059618
20031128	83750	0.07634	0.016594	0.000725	0.075615	0.015869
20031231	84250	0.00597	0.045528	0.000831	0.005139	0.044697
20040130	89490	0.062196	0.023048	0.000696	0.0615	0.022352
20040227	94500	0.055984	0.015459	0.000623	0.055361	0.014836
20040331	93300	-0.012698	-0.010694	0.000844	-0.013542	-0.011538
20040430	93390	0.000965	-0.024231	0.000795	0.00017	-0.025026
20040528	89000	-0.047007	0.014125	0.000603	-0.04761	0.013522
20040630	88950	-0.000562	0.021582	0.000817	-0.001379	0.020765
20040730	87250	-0.019112	-0.037667	0.000919	-0.020031	-0.038586
20040831	87000	-0.002865	0.002713	0.001116	-0.003981	0.001597
20040930	86650	-0.004023	0.020546	0.001185	-0.005208	0.019361
20041029	84250	-0.027698	0.017805	0.001129	-0.028827	0.016676
20041130	83700	-0.006528	0.04821	0.001541	-0.008069	0.046669
20041231	87900	0.050179	0.035179	0.001672	0.048507	0.033507
20050131	89900	0.022753	-0.026556	0.001661	0.021092	-0.028217
20050228	90200	0.003337	0.022672	0.001641	0.001696	0.021031
20050331	87000	-0.035477	-0.016935	0.002123	-0.0376	-0.019058
20050429	84350	-0.03046	-0.025186	0.002072	-0.032532	-0.027258
20050531	84100	-0.002964	0.037955	0.002395	-0.005359	0.03556
20050630	83500	-0.007134	0.011534	0.002263	-0.009397	0.009271
20050729	83500	0	0.043327	0.002383	-0.002383	0.040944
20050831	83150	-0.004192	-0.005946	0.00292	-0.007112	-0.008866
20050930	82000	-0.01383	0.010565	0.002848	-0.016678	0.007717
20051031	85900	0.047561	-0.020801	0.002728	0.044833	-0.023529
20051130	89390	0.040629	0.040385	0.003045	0.037584	0.03734
20051230	88620	-0.008614	0.003455	0.00316	-0.011774	0.000295
20060131	89490	0.009817	0.040033	0.003488	0.006329	0.036545
20060228	86800	-0.030059	-0.00164	0.003322	-0.033381	-0.004962
20060331	90350	0.040899	0.019055	0.003642	0.037257	0.015413
20060428	89000	-0.014942	0.012962	0.003559	-0.018501	0.009403
20060531	92290	0.036966	-0.031048	0.004195	0.032771	-0.035243
20060630	91659	-0.006837	-0.000408	0.00397	-0.010807	-0.004378
20060731	91600	-0.000644	-0.001904	0.003976	-0.00462	-0.00588
20060831	96097	0.049094	0.025061	0.004283	0.044811	0.020778
20060929	95800	-0.003091	0.019424	0.004047	-0.007138	0.015377
20061031	105475	0.100992	0.037126	0.004076	0.096916	0.03305
20061130	107100	0.015406	0.023705	0.004243	0.011163	0.019462
20061229	109990	0.026984	0.010833	0.004036	0.022948	0.006797
20070131	110050	0.000546	0.019428	0.004328	-0.003782	0.0151
20070228	106190	-0.035075	-0.013957	0.003837	-0.038912	-0.017794
20070330	108990	0.026368	0.012949	0.004257	0.022111	0.008692
20070430	109200	0.001927	0.039821	0.004348	-0.002421	0.035473
20070531	109490	0.002656	0.038932	0.004046	-0.00139	0.034886
20070629	109475	-0.000137	-0.014756	0.003918	-0.004055	-0.018674
20070731	110000	0.004796	-0.031756	0.003962	0.000834	-0.035718
20070831	118390	0.076273	0.011656	0.004205	0.072068	0.007451
20070928	118510	0.001014	0.04086	0.003347	-0.002333	0.037513
20071031	132500	0.118049	0.025835	0.003212	0.114837	0.022623
20071130	140100	0.057358	-0.049222	0.003395	0.053963	-0.052617
20071231	141600	0.010707	-0.004419	0.002921	0.007786	-0.00734
20080131	136000	-0.039548	-0.062151	0.00243	-0.041978	-0.064581
20080229	140000	0.029412	-0.021653	0.001325	0.028087	-0.022978
20080331	133400	-0.047143	-0.01042	0.001869	-0.049012	-0.012289
20080430	133850	0.003373	0.051105	0.001025	0.002348	0.05008
20080530	134650	0.005977	0.023843	0.000946	0.005031	0.022897
20080630	120750	-0.103231	-0.078434	0.00175	-0.104981	-0.080184
20080731	114450	-0.052174	-0.01333	0.00144	-0.053614	-0.01477
20080829	116600	0.018785	0.010564	0.001282	0.017503	0.009282
20080930	130600	0.120069	-0.098005	0.00153	0.118539	-0.099535
20081031	115490	-0.115697	-0.184603	0.000792	-0.116489	-0.185395
20081128	104000	-0.099489	-0.084615	0.000228	-0.099717	-0.084843
20081231	96600	-0.071154	0.022149	0.000029	-0.071183	0.02212
20090130	89502	-0.073478	-0.077332	0.000023	-0.073501	-0.077355
20090227	78600	-0.121807	-0.100184	0.000147	-0.121954	-0.100331
20090331	86700	0.103053	0.086693	0.000159	0.102894	0.086534
20090430	94000	0.084198	0.109359	0.000125	0.084073	0.109234
20090529	91600	-0.025532	0.067789	0.000017	-0.025549	0.067772
20090630	90000	-0.017467	-0.003098	0.000075	-0.017542	-0.003173
20090731	97000	0.077778	0.081718	0.000119	0.077659	0.081599
20090831	100850	0.039691	0.031466	0.000116	0.039575	0.03135
20090930	101000	0.001487	0.045235	0.000079	0.001408	0.045156
20091030	99000	-0.019802	-0.027998	0.00004	-0.019842	-0.028038
20091130	100600	0.016162	0.057099	0.000004	0.016158	0.057095
20091231	99200	-0.013917	0.028419	0.000062	-0.013979	0.028357
20100129	114600	0.155242	-0.037098	0.000028	0.155214	-0.037126
20100226	119800	0.045375	0.034775	0.00001	0.045365	0.034765
20100331	121800	0.016694	0.063605	0.000068	0.016626	0.063537
20100430	115325	-0.053161	0.020011	0.000111	-0.053272	0.0199
20100528	105910	-0.081639	-0.079141	0.000112	-0.081751	-0.079253
20100630	120000	0.133037	-0.050721	0.000127	0.13291	-0.050848
20100730	117000	-0.025	0.070293	0.000142	-0.025142	0.070151
20100831	118675	0.014316	-0.042818	0.000126	0.01419	-0.042944
20100930	124500	0.049084	0.091518	0.000125	0.048959	0.091393
20101029	119300	-0.041767	0.038532	0.000112	-0.041879	0.03842
20101130	120200	0.007544	0.005165	0.000114	0.00743	0.005051
20101231	120450	0.00208	0.067152	0.00014	0.00194	0.067012
20110131	122425	0.016397	0.019159	0.000066	0.016331	0.019093
20110228	131300	0.072493	0.038165	0.000122	0.072371	0.038043
20110331	125300	-0.045697	0.003374	0.000067	-0.045764	0.003307
20110429	124750	-0.004389	0.028688	0.000053	-0.004442	0.028635
20110531	118775	-0.047896	-0.014933	0.000013	-0.047909	-0.014946
20110630	116105	-0.022479	-0.018395	0.000035	-0.022514	-0.01843
20110729	111500	-0.039662	-0.02247	-0.000028	-0.039634	-0.022442
20110831	109769	-0.015525	-0.057472	0.000083	-0.015608	-0.057555
20110930	106800	-0.027048	-0.084873	-0.000001	-0.027047	-0.084872
20111031	116950	0.095037	0.113982	0.000014	0.095023	0.113968
20111130	118500	0.013254	-0.006226	0.000004	0.01325	-0.00623
20111230	114755	-0.031603	0.003702	0	-0.031603	0.003702
