Lease Cost ($)	Square Feet	Cost per Sq Foot	1/Sq Feet	Parking/SqFt	Age	Parking	Location	Location Dummy	Dummy * 1/SqFt	Renovation	Leaselength	Distance to City (miles)	Drive Time to Airport (minutes)	Distance to Airport (miles)	Occupancy	Num Floors in Bldg	Num Floors in Lease	Sq Ft in Bldg	New Wiring	Lease is Renewable
329959	19083	17.29073	5.24E-05	0.00031442	7	6	Suburbs	0	0	7	6	4.9	22.67	12.27	0.85	14	13	23742.84	NO	NO
298073	18010	16.5504164	5.55E-05	0.00011105	78	2	City	1	5.55E-05	36	9	0.19	25.36	14.25	0.94	9	3	30229.57	NO	NO
2820213	154085	18.3029691	0.00000649	0	3	0	Suburbs	0	0	3	10	3.86	10.7	10.78	0.85	11	8	43098.76	YES	NO
883773	52826	16.7298868	0.00001893	0	51	0	City	1	0.00001893	51	6	1.46	20.49	12.96	0.93	30	7	14394.44	NO	NO
359745	22864	15.7341235	4.37E-05	0	15	0	Suburbs	0	0	15	5	3.93	17.16	11.75	0.99	16	14	41446.59	NO	NO
776486	52281	14.8521643	1.91E-05	0	39	0	Suburbs	0	0	39	3	4.55	38.49	17.59	0.6	10	6	53417.78	NO	NO
779517	50759	15.3572174	0.0000197	0	17	0	Suburbs	0	0	17	8	2.38	20.43	13.16	0.69	13	7	38949.37	NO	NO
1150529	62775	18.3278216	0.00001593	0.00009558	4	6	Suburbs	0	0	4	3	3.56	13.27	11.32	0.73	18	7	25928.9	YES	NO
38131	2406	15.8482959	0.00041563	0	12	0	Suburbs	0	0	12	4	1.58	31.1	15.84	0.71	13	1	35694.7	NO	NO
58020	3336	17.3920863	0.00029976	0.00119904	32	4	Suburbs	0	0	32	3	1.55	30.77	15.76	0.77	7	3	30054.43	NO	NO
198698	10716	18.5421799	9.33E-05	0.00046659	49	5	City	1	9.33E-05	49	10	1.33	21.12	13.1	0.88	17	5	20630.9	NO	NO
1905962	122576	15.5492266	8.16E-06	0.00011421	3	14	Suburbs	0	0	3	9	1.57	30.48	15.7	0.7	14	7	30938.1	NO	NO
449871	30773	14.6190167	3.25E-05	0	30	0	Suburbs	0	0	11	4	4.24	15.63	11.16	0.6	21	5	43897.67	NO	NO
72212	4581	15.7633704	0.00021829	0	20	0	Suburbs	0	0	20	5	1.63	29.28	15.43	0.77	14	3	48794.51	NO	NO
94919	6274	15.1289449	0.00015939	0	21	0	Suburbs	0	0	21	5	5.19	19.77	11.07	0.59	11	11	27479.49	NO	NO
36514	2027	18.0138135	0.00049334	0	65	0	City	1	0.00049334	33	9	0.73	24.26	13.79	0.98	7	3	43930.46	NO	NO
92125	5329	17.2874836	0.00018765	0	7	0	Suburbs	0	0	7	9	5.3	41.72	18.37	0.97	19	10	43787.15	NO	NO
1591730	101424	15.69382	9.86E-06	8.87E-05	9	9	Suburbs	0	0	9	9	4.31	14.3	10.84	0.93	16	1	40566.18	NO	NO
145922	7936	18.3873488	0.00012601	0.00025202	12	2	City	1	0.00012601	12	3	0.67	25.26	14.36	0.94	63	13	48207.53	YES	NO
496409	32303	15.3672724	3.10E-05	0	18	0	Suburbs	0	0	4	4	3.19	13.49	11.34	0.58	15	9	47087.35	NO	NO
798909	52173	15.3126905	1.92E-05	0.00015334	5	8	Suburbs	0	0	5	7	2.08	31.97	16.1	0.99	14	2	24449.73	YES	NO
425861	23717	17.9559388	4.22E-05	0.00025298	63	6	City	1	4.22E-05	45	9	0.88	28.9	14.9	0.81	20	19	17343.32	NO	YES
287392	16516	17.4008234	6.05E-05	0.00012109	17	2	Suburbs	0	0	3	10	3.14	23.93	13.79	0.9	11	3	49048.71	YES	NO
276100	15432	17.8913945	0.0000648	0	37	0	City	1	0.0000648	21	4	1.02	24.83	14.29	0.91	43	25	31992.23	NO	NO
116301	6518	17.84305	0.00015342	0.00076711	47	5	City	1	0.00015342	47	9	1.02	22.43	13.64	0.97	25	9	6795.82	NO	NO
110495	6804	16.2397119	0.00014697	0.00029394	34	2	Suburbs	0	0	18	8	6.38	48.1	20.08	0.97	9	5	32677.93	NO	NO
377032	22442	16.8002852	0.00004456	0.00013368	18	3	Suburbs	0	0	18	4	3.5	17.6	12.13	0.98	28	26	51446.4	NO	NO
290559	18569	15.6475308	5.39E-05	0.00010771	23	2	Suburbs	0	0	23	3	2.64	36.1	17.04	0.76	16	13	42499.52	NO	NO
2184416	138856	15.7315204	7.20E-06	0	30	0	Suburbs	0	0	30	3	2.2	17.46	12.44	0.99	12	6	31337.91	NO	NO
998647	58903	16.954094	1.70E-05	0	15	0	Suburbs	0	0	15	3	4.62	14.36	10.44	0.96	17	16	46405.4	NO	NO
1097061	70915	15.4700839	1.41E-05	0	1	0	Suburbs	0	0	1	4	1.56	29.64	15.51	0.98	9	7	31845.03	NO	NO
228066	12529	18.2030489	7.98E-05	0.00039907	62	5	City	1	7.98E-05	6	9	0.84	22.84	13.58	0.89	16	3	21376	NO	YES
1091447	63999	17.0541258	1.56E-05	0.000125	77	8	City	1	1.56E-05	66	6	0.57	24.76	13.95	0.9	9	3	27545.03	NO	NO
231471	13821	16.7477751	7.24E-05	0	45	0	City	1	7.24E-05	13	10	0.74	27.25	14.85	0.94	5	3	6823.22	NO	NO
138377	7706	17.9570465	0.00012977	0	43	0	City	1	0.00012977	25	4	0.22	26.11	14.35	0.97	19	2	20632.43	NO	NO
183761	9947	18.4740123	0.00010053	0.0003016	70	3	City	1	0.00010053	48	10	0.73	23.36	13.7	0.98	7	2	18341.2	NO	YES
299119	16391	18.2489781	0.00006101	0.00018303	72	3	City	1	0.00006101	72	6	0.71	28.19	14.76	0.97	3	2	25569.49	NO	NO
405641	23152	17.5207757	4.32E-05	8.64E-05	0	2	Suburbs	0	0	0	3	3.47	25.35	14.03	0.51	12	1	47887.47	NO	NO
334213	17863	18.7097912	5.60E-05	0.00016794	38	3	City	1	5.60E-05	12	10	0.88	22.69	13.54	1	41	7	25314.56	YES	NO
2013819	125695	16.0214726	7.96E-06	0.00009547	33	12	Suburbs	0	0	17	10	6.09	45.47	19.33	0.64	19	15	49397.27	NO	NO
428728	26402	16.2384668	3.79E-05	7.58E-05	32	2	City	1	3.79E-05	32	7	1.08	25.72	13.92	0.94	45	14	49351.52	NO	NO
46150	2054	22.4683544	0.00048685	0.00146056	38	3	City	1	0.00048685	16	10	0.22	25.25	14.22	0.9	36	21	21497.15	NO	NO
2595674	152172	17.0575007	6.57E-06	9.86E-05	28	15	City	1	6.57E-06	14	3	1.1	22.33	13.34	0.94	46	40	37638.66	NO	NO
124682	7147	17.4453617	0.00013992	0	61	0	City	1	0.00013992	61	10	0.32	26.59	14.44	0.84	9	5	34081.62	NO	YES
104749	6416	16.3262157	0.00015586	0	6	0	Suburbs	0	0	6	3	5.38	28.23	13.63	0.88	19	17	16952.75	NO	NO
813513	52102	15.6138536	1.92E-05	9.60E-05	12	5	Suburbs	0	0	12	4	4.29	14.38	10.88	0.74	15	7	43105.83	NO	NO
67623	3698	18.286371	0.00027042	0	4	0	Suburbs	0	0	4	3	4.88	20.4	11.63	0.97	9	8	30132.66	NO	NO
76960	4862	15.828877	0.00020568	0	16	0	Suburbs	0	0	16	5	1.9	19.66	13.02	0.88	13	1	24364.71	NO	NO
921925	52754	17.475926	1.90E-05	0.00020851	25	11	City	1	1.90E-05	25	3	0.76	28.19	14.73	0.98	39	24	23537.16	NO	NO
135037	7387	18.2803574	0.00013537	0.00040612	61	3	City	1	0.00013537	42	5	0.7	24.65	13.87	0.97	21	17	16134.96	NO	NO
26311	1207	21.7986744	0.0008285	0.0008285	81	1	City	1	0.0008285	13	5	1.27	21.69	13.49	0.99	7	4	17860.49	NO	NO
112225	7197	15.5933028	0.00013895	0.00027789	25	2	Suburbs	0	0	13	6	4.29	26.11	13.8	0.61	19	5	30301.36	NO	NO
504164	30647	16.4506803	0.00003263	0.00022841	59	7	City	1	0.00003263	16	7	1.16	22.91	13.37	0.85	21	15	24262.02	NO	NO
1064665	62992	16.9015907	1.59E-05	7.94E-05	30	5	Suburbs	0	0	30	8	3.22	14.32	11.23	0.83	25	11	33143.45	NO	NO
157812	10695	14.7556802	9.35E-05	0	6	0	Suburbs	0	0	6	7	3.33	12.93	11.21	0.94	15	15	49096.12	NO	NO
981888	61534	15.9568369	1.63E-05	0.00011376	1	7	Suburbs	0	0	1	6	2.83	16.09	11.59	0.79	20	8	53750.22	YES	NO
112653	8825	12.7652125	0.00011331	0.00022663	1	2	Suburbs	0	0	1	6	5.15	44.95	19.35	0.59	12	7	43081.5	NO	NO
408380	24369	16.7581764	4.10E-05	0.00028725	78	7	City	1	4.10E-05	22	9	0.84	26.05	14.1	0.82	8	7	17003.15	NO	NO
551308	31364	17.5777324	3.19E-05	0.00022319	30	7	City	1	3.19E-05	30	4	0.83	27.5	14.49	0.93	53	45	36402.89	NO	NO
132458	6912	19.1634838	0.00014468	0.00014468	25	1	City	1	0.00014468	7	7	0.12	26.57	14.52	0.98	56	46	29249.08	YES	NO
466399	28349	16.4520442	3.53E-05	0.0001411	46	4	City	1	3.53E-05	21	10	1.33	21.83	13.13	0.99	23	17	16862.6	NO	NO
489413	29995	16.3164861	3.33E-05	6.67E-05	45	2	City	1	3.33E-05	23	10	1.45	27.49	14.98	0.68	35	19	24332.47	NO	NO
727057	43579	16.683655	2.29E-05	4.59E-05	41	2	City	1	2.29E-05	41	9	0.61	26.72	14.37	0.97	20	7	22622.29	NO	YES
60365	3782	15.9611317	0.00026441	0	29	0	Suburbs	0	0	29	8	2.73	15.22	11.86	0.65	12	7	11353.76	NO	NO
527078	31818	16.5654032	3.14E-05	0.00015714	16	5	Suburbs	0	0	16	9	2.38	18.02	12.61	0.97	17	1	60185.42	NO	NO
465335	29945	15.539656	3.34E-05	0.00016697	72	5	City	1	3.34E-05	15	7	1.26	29.9	15.52	0.79	10	8	16104.73	NO	NO
692087	39170	17.6688027	0.00002553	0.00010212	12	4	Suburbs	0	0	12	9	4.94	18.78	11.11	0.79	11	10	30010.89	NO	NO
1020102	66726	15.2879237	1.50E-05	0.00017984	16	12	Suburbs	0	0	16	3	3.51	17.43	12.08	0.74	21	1	75165.35	NO	NO
382421	26584	14.3853822	3.76E-05	0.00018808	2	5	Suburbs	0	0	2	9	3.46	34.71	16.73	0.73	16	8	43609.91	NO	NO
1043353	71103	14.6738253	1.41E-05	0	14	0	Suburbs	0	0	14	3	3.58	12.9	11.26	0.97	22	3	60769.23	NO	NO
20744	1234	16.8103728	0.00081037	0	15	0	Suburbs	0	0	15	6	3.67	24.34	13.66	0.81	21	9	43780.02	NO	NO
1711806	102869	16.64064	9.72E-06	0	26	0	Suburbs	0	0	9	3	5.71	19.98	10.3	0.95	12	8	34540.31	NO	NO
47412	2651	17.8845719	0.00037722	0	23	0	Suburbs	0	0	23	10	4.22	14.32	10.94	0.78	14	12	43421.29	NO	NO
240353	15439	15.5679124	6.48E-05	6.48E-05	5	1	Suburbs	0	0	5	6	1.78	31.11	15.87	0.97	9	1	15845.06	NO	NO
883371	53892	16.3915052	1.86E-05	0	20	0	Suburbs	0	0	7	3	4.7	23.04	12.58	0.75	20	8	32417.48	NO	NO
542066	29045	18.6629713	0.00003443	0.00024101	71	7	City	1	0.00003443	71	3	0.44	24.95	14.04	0.8	14	9	26298.74	NO	NO
480014	28756	16.6926554	3.48E-05	0.00024343	1	7	Suburbs	0	0	1	5	2.07	19.26	12.93	0.87	16	3	48698.26	NO	NO
951236	52620	18.077461	1.90E-05	0.00015203	43	8	City	1	1.90E-05	43	6	0.91	22.77	13.7	0.98	12	7	14051.24	NO	YES
246621	14593	16.899952	6.85E-05	0	6	0	Suburbs	0	0	6	6	4.71	14.62	10.35	0.97	18	11	41094.73	NO	NO
90036	5038	17.8713775	0.00019849	0	4	0	Suburbs	0	0	4	3	4.04	17.59	11.75	0.91	17	2	37203.14	YES	NO
64878	2844	22.8122363	0.00035162	0.00140647	49	4	City	1	0.00035162	30	3	0.24	25.28	14.25	0.98	24	1	25832.04	NO	NO
52000	3394	15.321155	0.00029464	0	15	0	Suburbs	0	0	15	9	1.75	32.86	16.17	0.59	11	3	43491.21	NO	NO
178953	12291	14.5596778	0.00008136	0.00032544	45	4	Suburbs	0	0	45	3	4.1	38.95	17.83	0.85	10	7	28234.36	NO	NO
20409	1172	17.4138225	0.00085324	0	23	0	Suburbs	0	0	23	4	5.26	25.7	12.88	0.87	14	12	40987.32	NO	NO
286348	20204	14.1728371	4.95E-05	0	38	0	Suburbs	0	0	38	3	5.65	45.62	19.49	0.54	11	10	27189.09	NO	NO
51787	2045	25.3237164	0.000489	0.00195599	49	4	City	1	0.000489	49	3	0.35	26.8	14.66	0.92	20	2	20437.08	NO	NO
340457	23751	14.334428	4.21E-05	4.21E-05	28	1	Suburbs	0	0	16	9	4.46	42.33	18.69	0.83	9	4	36567.71	NO	NO
106376	6579	16.1690226	0.000152	0.000608	30	4	Suburbs	0	0	15	7	1.86	19.03	12.83	0.97	10	2	27127.8	NO	NO
100786	6262	16.0948579	0.00015969	0	5	0	Suburbs	0	0	5	9	5.13	20.69	11.42	0.72	14	3	40210.11	NO	NO
53800	3075	17.495935	0.0003252	0.00065041	28	2	Suburbs	0	0	28	4	2.31	31.06	15.87	0.96	17	1	20755.09	NO	NO
310397	20536	15.1147741	4.87E-05	0	24	0	Suburbs	0	0	0	10	4.63	40.08	18.06	0.97	9	9	38500.27	NO	NO
43461	2040	21.3044118	0.0004902	0.00098039	48	2	City	1	0.0004902	16	3	1.01	22.15	13.43	0.95	26	14	32798.35	NO	NO
408079	22360	18.2504025	4.47E-05	4.47E-05	78	1	City	1	4.47E-05	52	5	0.9	23.29	13.56	1	4	1	5589.92	NO	YES
73429	4171	17.6046512	0.00023975	0.00023975	37	1	Suburbs	0	0	25	6	3.93	40.35	18.18	0.97	7	3	26358.09	NO	NO
170274	9210	18.4879479	0.00010858	0.00021716	77	2	City	1	0.00010858	39	10	1.43	23.43	13.97	0.98	9	1	22140.18	NO	NO
1225520	77992	15.7134065	1.28E-05	0.00006411	20	5	Suburbs	0	0	1	4	2.97	14.46	11.52	0.99	6	2	44861.4	NO	NO
416602	23549	17.6908574	4.25E-05	0.00016986	52	4	City	1	4.25E-05	3	7	0.69	23.59	13.88	0.79	23	17	19503.41	NO	NO
1268814	67177	18.8876252	1.49E-05	0.00016375	25	11	City	1	1.49E-05	25	10	0.15	25.52	14.29	0.77	37	31	18949.65	NO	YES
190133	11030	17.237806	9.07E-05	0.00036265	32	4	City	1	9.07E-05	32	5	1.34	21.81	13.13	0.78	44	39	51187.8	NO	NO
823714	43949	18.742497	2.28E-05	0	50	0	City	1	2.28E-05	50	3	0.61	24.81	14.23	0.97	20	10	9582.64	NO	NO
487227	35379	13.7716442	2.83E-05	0.00031092	44	11	Suburbs	0	0	19	6	3.09	37.62	17.46	0.94	9	7	22048.2	NO	NO
514796	31956	16.1095256	3.13E-05	0.00021905	10	7	Suburbs	0	0	10	4	2.32	17.04	12.14	0.9	14	9	30757.06	NO	NO
1350143	70714	19.0930085	1.41E-05	0.00014141	5	10	City	1	1.41E-05	5	3	0.64	28.43	15.05	0.79	68	39	50346.81	YES	NO
143330	9149	15.666193	0.0001093	0	12	0	Suburbs	0	0	12	9	5.25	21.65	11.56	0.97	16	6	42575.97	NO	NO
2553806	144597	17.6615421	6.92E-06	0.00008299	11	12	Suburbs	0	0	11	8	2.09	17.78	12.46	0.96	14	5	15879.37	YES	NO
450257	29469	15.2790051	3.39E-05	0.00027147	15	8	Suburbs	0	0	15	3	2.98	36.75	17.27	0.81	9	7	39302.43	NO	NO
864771	48638	17.7797401	0.00002056	0.00022616	48	11	City	1	0.00002056	24	5	0.3	26.69	14.48	0.8	20	6	42539.24	NO	NO
787238	42441	18.5489974	2.36E-05	7.07E-05	23	3	City	1	2.36E-05	0	7	0.12	26.39	14.51	0.98	56	47	35784	NO	NO
379098	24913	15.2168747	0.00004014	0.00012042	40	3	Suburbs	0	0	5	6	5.56	45.32	19.42	0.91	8	1	17914	NO	NO
218096	14114	15.4524586	7.09E-05	7.09E-05	2	1	Suburbs	0	0	2	10	4.67	15.86	10.71	0.9	5	1	38892.58	NO	NO
390806	24630	15.8670727	0.0000406	0	17	0	Suburbs	0	0	17	3	3.58	22.15	13.13	0.98	23	16	46318.63	NO	NO
2267764	136577	16.6042892	7.32E-06	6.59E-05	59	9	City	1	7.32E-06	59	4	1.4	21.23	13.04	0.75	15	9	19703.8	NO	NO
95399	5691	16.7631348	0.00017572	0	25	0	Suburbs	0	0	25	10	5.61	28.94	13.66	0.81	14	6	28480.31	NO	NO
115937	6287	18.4407508	0.00015906	0.00047718	45	3	City	1	0.00015906	45	5	0.36	26.54	14.61	0.97	30	18	31534.91	NO	YES
597697	41046	14.5616382	2.44E-05	9.75E-05	3	4	Suburbs	0	0	3	8	3.54	38.87	17.81	0.7	19	11	24824.6	NO	NO
29459	1903	15.4802943	0.00052549	0	37	0	Suburbs	0	0	37	10	5.51	42.71	18.63	0.8	4	1	27726.51	YES	NO
84636	5657	14.9612869	0.00017677	0.00053032	2	3	Suburbs	0	0	2	3	1.68	32.31	16.08	0.6	10	10	43613.97	NO	NO
149458	9300	16.0707527	0.00010753	0.00053763	29	5	Suburbs	0	0	13	4	3.24	38.34	17.62	0.84	18	9	35287.82	NO	NO
1667827	96635	17.2590366	1.03E-05	0.00011383	29	11	City	1	1.03E-05	16	9	1.27	21.03	13.21	0.86	44	29	33435.08	YES	NO
298459	17723	16.8402076	5.64E-05	0.0002257	1	4	Suburbs	0	0	1	8	2.42	16.7	12.27	0.44	9	3	30835.97	YES	NO
378054	20508	18.4344646	4.88E-05	0.00019505	43	4	City	1	4.88E-05	43	9	1.48	20.55	13.2	0.87	39	4	31766.43	NO	NO
194093	11113	17.4654009	9.00E-05	9.00E-05	5	1	City	1	9.00E-05	5	7	1.13	22.9	13.38	0.95	71	32	28136	YES	YES
213583	13553	15.7590939	7.38E-05	0.00014757	36	2	Suburbs	0	0	5	7	3.71	39.84	18.04	0.72	18	12	46253.17	NO	NO
101742	6330	16.0729858	0.00015798	0	20	0	Suburbs	0	0	9	9	2.61	15.71	11.91	0.58	20	20	34620.05	NO	NO
80573	4149	19.4198602	0.00024102	0.00048204	52	2	City	1	0.00024102	52	10	0.28	27.22	14.7	0.89	7	2	8305.66	NO	YES
767107	49028	15.6463042	2.04E-05	0.00018357	20	9	Suburbs	0	0	1	7	2.45	31.98	16.1	0.8	13	9	10145.86	NO	NO
199273	11739	16.975296	8.52E-05	8.52E-05	2	1	Suburbs	0	0	2	7	4.62	17.19	11.09	0.88	15	12	8076.15	YES	NO
161323	9458	17.0567773	0.00010573	0	60	0	City	1	0.00010573	15	9	0.77	23.94	13.72	0.94	10	10	26498.46	NO	NO
297568	17491	17.0126351	5.72E-05	0	23	0	Suburbs	0	0	23	3	5.59	21.45	11.04	1	27	23	57415.95	NO	NO
991909	58384	16.9893978	1.71E-05	0.00013702	15	8	Suburbs	0	0	15	8	3.9	12.67	10.99	0.93	7	5	35550.81	NO	NO
415569	28097	14.7905114	0.00003559	7.12E-05	32	2	Suburbs	0	0	2	10	6.3	46.92	19.73	0.95	15	1	17985.43	NO	NO
632897	37181	17.0220543	2.69E-05	8.07E-05	16	3	Suburbs	0	0	16	3	5.35	19.43	10.72	0.79	17	12	64552.71	NO	NO
42811	2374	18.0332772	0.00042123	0.00042123	24	1	Suburbs	0	0	24	3	1.59	29.35	15.44	0.92	16	1	27021.71	NO	NO
1165892	73286	15.9087957	1.36E-05	0	26	0	Suburbs	0	0	26	8	4.52	17.96	11.39	0.86	21	5	33370.14	NO	NO
155239	10124	15.3337614	9.88E-05	0	7	0	Suburbs	0	0	7	5	3.96	16.49	11.59	0.94	7	7	34783.64	NO	NO
1295344	79939	16.2041557	0.00001251	0.00021266	22	17	Suburbs	0	0	22	7	1.69	30.96	15.82	0.69	12	9	31254.28	NO	YES
113221	5693	19.8877569	0.00017565	0.00070262	48	4	City	1	0.00017565	48	8	0.83	28.48	14.79	0.94	31	31	22571.17	NO	NO
53611	2349	22.8229034	0.00042571	0.00170285	63	4	City	1	0.00042571	63	10	0.22	26.99	14.64	0.91	13	8	27523.59	NO	NO
22221	1339	16.5952203	0.00074683	0.0029873	41	4	Suburbs	0	0	14	7	1.97	33.89	16.38	0.52	14	4	54754.9	NO	NO
350015	23840	14.6818372	4.19E-05	0	13	0	Suburbs	0	0	13	8	2.62	35.04	16.85	0.9	6	2	39783.17	NO	NO
707741	42075	16.8209388	2.38E-05	7.13E-05	19	3	Suburbs	0	0	8	3	3.34	37.47	17.47	0.55	6	6	45114.45	NO	NO
551853	34882	15.8205665	2.87E-05	0	18	0	Suburbs	0	0	18	8	5.63	19.6	10.31	0.7	23	2	64074.99	NO	NO
41297	2218	18.6190261	0.00045086	0.00045086	45	1	City	1	0.00045086	45	4	0.31	25.12	14.13	0.98	11	6	15297.28	NO	NO
153451	10031	15.2976772	0.00009969	0.00039876	27	4	Suburbs	0	0	11	3	5.53	43	18.71	0.61	6	6	27419.76	YES	YES
562098	32049	17.5387064	3.12E-05	0.00021842	34	7	City	1	3.12E-05	7	9	0.96	23.15	13.51	0.8	40	22	24151.23	YES	NO
136492	8423	16.2046777	0.00011872	0	22	0	Suburbs	0	0	22	7	4.75	14.66	10.3	0.97	15	6	28265.25	NO	NO
351196	22619	15.5265927	0.00004421	0	13	0	Suburbs	0	0	0	9	2.91	37.06	17.29	0.63	11	7	40708.32	NO	NO
41015	1889	21.7125463	0.00052938	0.00158814	42	3	City	1	0.00052938	42	5	0.44	24.68	14	0.81	13	8	24421.24	NO	NO
147439	8827	16.7031834	0.00011329	0	6	0	Suburbs	0	0	6	3	5.32	19.22	10.7	0.88	11	1	26857.9	NO	NO
1321084	78048	16.926558	1.28E-05	7.69E-05	7	6	Suburbs	0	0	7	4	3.2	17.31	12.23	0.81	24	19	52187.96	YES	NO
175533	8698	20.1808462	0.00011497	0.00057484	71	5	City	1	0.00011497	21	6	0.1	25.75	14.32	0.88	13	7	5171.12	NO	NO
84169	5650	14.8971681	0.00017699	0.00017699	24	1	Suburbs	0	0	24	7	3.02	34.24	16.66	0.82	16	11	52638.57	YES	NO
263586	17467	15.0905135	0.00005725	0.00028625	1	5	Suburbs	0	0	1	3	4.94	23.12	12.37	0.49	8	2	42819.01	NO	NO
27373	1834	14.9252999	0.00054526	0	3	0	Suburbs	0	0	3	9	4.46	15.41	10.88	0.73	10	3	23301.23	YES	NO
550052	34024	16.1665883	2.94E-05	0.00014696	21	5	Suburbs	0	0	21	3	2.13	32.56	16.24	0.87	9	8	24073.39	NO	NO
106156	6030	17.6046434	0.00016584	0	12	0	City	1	0.00016584	0	10	0.58	24.45	13.9	0.92	64	41	37116.65	YES	NO
456299	26723	17.0751413	0.00003742	0.00022453	73	6	City	1	0.00003742	73	6	0.65	24.32	13.84	0.9	8	4	25416.5	NO	YES
520268	33194	15.6735555	3.01E-05	0.0001205	42	4	Suburbs	0	0	7	8	3.96	38.27	17.66	0.79	15	4	45604.02	NO	NO
179153	11231	15.9516517	0.00008904	0.00017808	13	2	Suburbs	0	0	13	4	4.07	16	11.4	0.76	17	14	58809.68	NO	NO
139348	9111	15.2944792	0.00010976	0.00043903	12	4	Suburbs	0	0	12	3	5.62	19.14	10.15	0.71	20	9	41002.44	NO	NO
25240	1460	17.2876712	0.00068493	0	49	0	Suburbs	0	0	28	3	4.07	38.33	17.66	0.86	12	10	30816.01	NO	NO
33312	1669	19.959257	0.00059916	0.00059916	52	1	City	1	0.00059916	15	9	0.22	26.59	14.48	0.91	19	19	22904.74	NO	NO
183631	10843	16.9354422	9.22E-05	9.22E-05	61	1	City	1	9.22E-05	4	6	1.32	21.38	13.11	0.84	7	5	13162.79	NO	NO
333598	19101	17.4649495	5.24E-05	0	43	0	City	1	5.24E-05	26	3	0.77	23.49	13.67	0.82	14	9	13392.83	NO	NO
165324	8890	18.5966254	0.00011249	0.00033746	72	3	City	1	0.00011249	35	8	0.91	23.01	13.53	1	4	3	22970.27	NO	NO
34005	1578	21.5494297	0.00063371	0.00126743	50	2	City	1	0.00063371	14	8	1.25	21.34	13.36	0.89	18	14	39362.65	NO	YES
278579	15011	18.5583239	6.66E-05	0	48	0	City	1	6.66E-05	21	10	0.39	24.58	14.04	0.98	25	17	15924.26	NO	YES
34884	1593	21.8983051	0.00062775	0.00125549	71	2	City	1	0.00062775	71	6	1.06	22.34	13.37	0.94	5	3	21739.98	NO	NO
39822	2304	17.2838542	0.00043403	0	16	0	Suburbs	0	0	1	9	3.42	26.02	14.24	0.9	16	16	17491.27	YES	NO
267176	17228	15.5082424	5.80E-05	0.00011609	18	2	Suburbs	0	0	18	5	3.38	37.58	17.5	0.67	7	2	5747.02	NO	NO
848745	46643	18.1966211	0.00002144	0	44	0	City	1	0.00002144	24	3	1.06	26.44	14.1	0.93	33	13	30589.83	NO	NO
39567	2321	17.0473934	0.00043085	0.0008617	11	2	Suburbs	0	0	11	9	1.88	33.19	16.29	0.76	9	7	15731.81	NO	NO
1229108	75222	16.339741	1.33E-05	9.31E-05	6	7	Suburbs	0	0	6	5	2.77	23.49	13.8	0.82	12	1	15024.29	NO	NO
286442	17513	16.3559641	0.0000571	0.0001713	62	3	City	1	0.0000571	62	10	1.07	28.25	14.58	0.83	15	9	15299.63	NO	NO
527301	32211	16.3702151	3.10E-05	0.00012418	8	4	Suburbs	0	0	8	6	2.67	30.27	15.63	0.95	13	5	38869.15	NO	NO
1384871	91777	15.0895213	1.09E-05	0	2	0	Suburbs	0	0	2	4	3.04	14.49	11.73	0.83	29	11	24402.82	NO	NO
131036	7387	17.7387302	0.00013537	0	40	0	City	1	0.00013537	12	5	0.65	28.22	14.8	0.9	29	27	38080.53	NO	NO
1842558	107732	17.1031634	9.28E-06	0	9	0	Suburbs	0	0	9	9	3.48	12.45	11.06	0.93	15	13	41256.69	NO	NO
2315053	143397	16.1443615	6.97E-06	0.00014645	37	21	Suburbs	0	0	21	3	1.56	30.92	15.79	0.76	15	1	34025.13	NO	NO
68775	4414	15.5811056	0.00022655	0	3	0	Suburbs	0	0	3	3	6.16	47.2	19.86	0.87	13	9	17177.51	NO	NO
347047	21404	16.2141189	0.00004672	0.00037376	37	8	Suburbs	0	0	15	10	5.28	41.68	18.37	0.9	9	5	13256.22	NO	NO
823152	46288	17.78327	2.16E-05	0.00017283	5	8	City	1	2.16E-05	5	7	0.38	26.46	14.38	0.96	73	21	41736.27	NO	NO
584418	33642	17.3716783	2.97E-05	8.92E-05	52	3	City	1	2.97E-05	15	6	1.19	23.06	13.86	0.98	17	12	31738.22	NO	NO
327494	19990	16.3828914	5.00E-05	0.00025013	3	5	Suburbs	0	0	3	3	1.57	29.64	15.51	0.77	18	13	52575.42	NO	NO
264553	19677	13.4447832	0.00005082	0	7	0	Suburbs	0	0	7	7	4.55	42.6	18.76	0.92	18	7	48728.85	NO	NO
144570	9286	15.5685979	0.00010769	0.00032307	10	3	Suburbs	0	0	10	10	1.59	31.68	15.94	0.58	11	4	41407.92	NO	NO
50915	3323	15.3219982	0.00030093	0.00030093	46	1	Suburbs	0	0	11	8	5.94	46.37	19.65	0.7	13	10	33743.72	NO	YES
283906	17985	15.7857103	5.56E-05	0	1	0	Suburbs	0	0	1	3	2.54	16.47	11.9	0.51	28	11	59216.05	YES	NO
31843	1987	16.0256668	0.00050327	0.00050327	17	1	Suburbs	0	0	17	3	6.27	46.98	19.76	0.64	9	3	45721.21	NO	NO
100274	6756	14.8422143	0.00014802	0	1	0	Suburbs	0	0	1	7	3.61	14.18	11.43	0.44	16	13	37841.79	YES	NO
300529	16552	18.1566578	6.04E-05	0.00018125	43	3	City	1	6.04E-05	43	3	1.13	23.34	13.44	0.84	14	13	10739.55	NO	NO
88158	4444	19.8375338	0.00022502	0.00067507	65	3	City	1	0.00022502	39	9	1.02	22.72	13.43	0.97	19	11	37882.7	NO	NO
324621	21398	15.1706234	4.67E-05	0	13	0	Suburbs	0	0	13	3	2.84	17.05	12.31	0.75	19	1	46312.89	NO	NO
21187	1064	19.912594	0.00093985	0.00093985	23	1	Suburbs	0	0	23	6	2.22	18.7	12.78	0.93	13	3	35813.89	NO	NO
41342	2281	18.1245068	0.0004384	0	65	0	City	1	0.0004384	19	5	0.57	25.06	14	0.87	17	16	25769.26	NO	NO
129067	8082	15.9696857	0.00012373	0.00061866	34	5	Suburbs	0	0	34	3	4.35	42.24	18.65	0.54	10	10	33073.4	NO	NO
138138	7793	17.7259079	0.00012832	0.00012832	64	1	City	1	0.00012832	6	8	1.12	22.16	13.59	0.91	30	15	18933.9	YES	NO
30749	1834	16.7660851	0.00054526	0	26	0	Suburbs	0	0	26	3	2.08	20.09	13.13	1	18	15	36015.61	NO	NO
416691	21970	18.9663632	4.55E-05	0.00036413	59	8	City	1	4.55E-05	28	3	0.68	28.58	14.92	0.99	8	2	29532.8	NO	YES
40011	2343	17.0768246	0.0004268	0	23	0	Suburbs	0	0	23	9	4.83	16.17	10.56	0.62	16	4	52600.96	NO	NO
899369	54308	16.5605252	1.84E-05	0	9	0	Suburbs	0	0	9	3	5.15	18.9	10.85	0.84	17	2	20568.81	NO	NO
1163682	68122	17.0823229	0.00001468	0.00017615	47	12	City	1	0.00001468	47	5	0.83	23.61	13.65	0.96	16	14	27986.82	NO	NO
1579939	90514	17.4551893	1.10E-05	6.63E-05	51	6	City	1	1.10E-05	38	5	0.17	25.5	14.26	0.84	18	4	20054.36	NO	NO
134261	7347	18.2742616	0.00013611	0.00054444	48	4	City	1	0.00013611	16	8	0.71	24.34	13.82	0.94	12	3	25534.52	NO	NO
531646	32238	16.4912836	0.00003102	0	47	0	City	1	0.00003102	31	3	0.4	27.74	14.81	0.88	19	3	6412.95	NO	YES
277070	16249	17.0515109	6.15E-05	0.00018463	15	3	City	1	6.15E-05	15	7	0.58	23.83	13.86	0.97	61	35	31833.33	NO	NO
65740	4098	16.0419717	0.00024402	0	22	0	Suburbs	0	0	22	8	1.77	29.04	15.37	0.86	15	6	46350.64	NO	NO
742419	39191	18.9436095	2.55E-05	0.00010206	48	4	City	1	2.55E-05	32	3	0.28	25	14.15	0.91	17	5	24165.24	NO	NO
175921	9210	19.1010858	0.00010858	0.00054289	30	5	City	1	0.00010858	3	4	1.48	20.21	13.02	0.88	42	28	17937.72	NO	NO
97702	5910	16.5316413	0.0001692	0	42	0	City	1	0.0001692	2	8	0.3	25.05	14.2	0.89	22	21	21910.08	YES	NO
53791	3795	14.1741765	0.0002635	0.0002635	16	1	Suburbs	0	0	0	7	3.26	37.92	17.56	0.76	9	1	36587.6	YES	NO
288171	17302	16.6553578	5.78E-05	0.00011559	28	2	Suburbs	0	0	6	5	3.71	37.81	17.56	0.84	3	1	15636.06	NO	NO
524666	27402	19.1469966	3.65E-05	0.00018247	41	5	City	1	3.65E-05	41	8	0.45	24.99	14.24	0.92	29	16	35809.74	NO	NO
1282164	79624	16.1027328	0.00001256	0	13	0	Suburbs	0	0	2	8	5.75	44.45	19.11	0.93	12	3	26195.21	NO	NO
328806	18741	17.5447415	5.34E-05	0	26	0	Suburbs	0	0	26	3	2.71	15.3	11.84	0.86	19	5	16861.23	NO	NO
123623	7210	17.1460472	0.0001387	0.0001387	21	1	Suburbs	0	0	21	7	3.94	17.76	11.86	0.88	22	1	58000.65	NO	NO
768670	45761	16.7974913	2.19E-05	0.00013112	40	6	City	1	2.19E-05	40	3	0.87	23.1	13.8	0.84	23	4	31122.84	NO	NO
58808	3328	17.6706731	0.00030048	0.00060096	28	2	Suburbs	0	0	12	5	2.8	15.67	11.63	0.87	19	12	45671.7	NO	NO
979391	66342	14.7627596	1.51E-05	0	26	0	Suburbs	0	0	26	7	5.3	26.37	13.06	0.83	20	8	43321	NO	NO
1217664	67664	17.9957437	1.48E-05	0.00014779	41	10	City	1	1.48E-05	41	6	1.13	22.37	13.66	0.84	21	12	36258.67	NO	NO
383177	21710	17.6497927	4.61E-05	0.00027637	43	6	City	1	4.61E-05	3	9	0.59	23.9	13.83	0.88	35	28	39577.29	YES	NO
860709	51737	16.6362371	1.93E-05	0.00023194	26	12	Suburbs	0	0	15	4	4.08	13.09	10.88	0.98	14	6	37183.87	NO	NO
931757	53523	17.4085346	1.87E-05	0.00013078	52	7	City	1	1.87E-05	52	3	0.94	22.54	13.48	0.76	24	22	27811.51	NO	YES
