Date	Year	Unemployment Rate	Lag 1 Unemp	Lag 2 Unemp	Lag 3 Unemp	Lag 4 Unemp	Lag 5 Unemp	Lag 6 Unemp	Lag 7 Unemp	Residual Unemployment Rate	Lag Residuals Unemployment	Lower 95% Indiv Unemployment Rate 2	Upper 95% Indiv Unemployment Rate 2
1/1/1948	1948.041667	3.4											
2/1/1948	1948.125	3.8	3.4										
3/1/1948	1948.208333	4	3.8	3.4									
4/1/1948	1948.291667	3.9	4	3.8	3.4								
5/1/1948	1948.375	3.5	3.9	4	3.8	3.4							
6/1/1948	1948.458333	3.6	3.5	3.9	4	3.8	3.4						
7/1/1948	1948.541667	3.6	3.6	3.5	3.9	4	3.8	3.4				3.344487421	3.978032279
8/1/1948	1948.625	3.9	3.6	3.6	3.5	3.9	4	3.8	3.4			3.292388619	3.925614497
9/1/1948	1948.708333	3.8	3.9	3.6	3.6	3.5	3.9	4	3.8			3.602051793	4.23480766
10/1/1948	1948.791667	3.7	3.8	3.9	3.6	3.6	3.5	3.9	4			3.503189718	4.136094005
11/1/1948	1948.875	3.8	3.7	3.8	3.9	3.6	3.6	3.5	3.9			3.443360692	4.076734739
12/1/1948	1948.958333	4	3.8	3.7	3.8	3.9	3.6	3.6	3.5			3.542230984	4.175440176
1/1/1949	1949.041667	4.3	4	3.8	3.7	3.8	3.9	3.6	3.6			3.765852803	4.39922811
2/1/1949	1949.125	4.7	4.3	4	3.8	3.7	3.8	3.9	3.6			4.062438267	4.695369837
3/1/1949	1949.208333	5	4.7	4.3	4	3.8	3.7	3.8	3.9			4.522125895	5.15663086
4/1/1949	1949.291667	5.3	5	4.7	4.3	4	3.8	3.7	3.8			4.869605862	5.506394668
5/1/1949	1949.375	6.1	5.3	5	4.7	4.3	4	3.8	3.7			5.191453732	5.82953228
6/1/1949	1949.458333	6.2	6.1	5.3	5	4.7	4.3	4	3.8			6.057456388	6.700910342
7/1/1949	1949.541667	6.7	6.2	6.1	5.3	5	4.7	4.3	4			6.131285424	6.772398744
8/1/1949	1949.625	6.8	6.7	6.2	6.1	5.3	5	4.7	4.3			6.637902423	7.279789542
9/1/1949	1949.708333	6.6	6.8	6.7	6.2	6.1	5.3	5	4.7			6.711636723	7.351372681
10/1/1949	1949.791667	7.9	6.6	6.8	6.7	6.2	6.1	5.3	5			6.450852761	7.086359452
11/1/1949	1949.875	6.4	7.9	6.6	6.8	6.7	6.2	6.1	5.3			7.798330745	8.438011691
12/1/1949	1949.958333	6.6	6.4	7.9	6.6	6.8	6.7	6.2	6.1			6.11180748	6.742832667
1/1/1950	1950.041667	6.5	6.6	6.4	7.9	6.6	6.8	6.7	6.2			6.270194146	6.901210023
2/1/1950	1950.125	6.4	6.5	6.6	6.4	7.9	6.6	6.8	6.7			6.14514592	6.776424227
3/1/1950	1950.208333	6.3	6.4	6.5	6.6	6.4	7.9	6.6	6.8			6.059511782	6.690611781
4/1/1950	1950.291667	5.8	6.3	6.4	6.5	6.6	6.4	7.9	6.6			5.774088285	6.412651504
5/1/1950	1950.375	5.5	5.8	6.3	6.4	6.5	6.6	6.4	7.9			5.414038645	6.046113953
6/1/1950	1950.458333	5.4	5.5	5.8	6.3	6.4	6.5	6.6	6.4			5.051123678	5.685655999
7/1/1950	1950.541667	5	5.4	5.5	5.8	6.3	6.4	6.5	6.6			4.952327251	5.586876696
8/1/1950	1950.625	4.5	5	5.4	5.5	5.8	6.3	6.4	6.5			4.516885099	5.153628489
9/1/1950	1950.708333	4.4	4.5	5	5.4	5.5	5.8	6.3	6.4			3.968830171	4.609288182
10/1/1950	1950.791667	4.2	4.4	4.5	5	5.4	5.5	5.8	6.3			3.924003917	4.561055289
11/1/1950	1950.875	4.2	4.2	4.4	4.5	5	5.4	5.5	5.8			3.739775969	4.376260923
12/1/1950	1950.958333	4.3	4.2	4.2	4.4	4.5	5	5.4	5.5			3.75317057	4.388995468
1/1/1951	1951.041667	3.7	4.3	4.2	4.2	4.4	4.5	5	5.4			3.918554953	4.551832545
2/1/1951	1951.125	3.4	3.7	4.3	4.2	4.2	4.4	4.5	5			3.312230553	3.946573418
3/1/1951	1951.208333	3.4	3.4	3.7	4.3	4.2	4.2	4.4	4.5			2.989094112	3.624724376
4/1/1951	1951.291667	3.1	3.4	3.4	3.7	4.3	4.2	4.2	4.4			3.015654807	3.650421973
5/1/1951	1951.375	3	3.1	3.4	3.4	3.7	4.3	4.2	4.2			2.679184596	3.315777556
6/1/1951	1951.458333	3.2	3	3.1	3.4	3.4	3.7	4.3	4.2			2.553599182	3.191528947
7/1/1951	1951.541667	3.1	3.2	3	3.1	3.4	3.4	3.7	4.3			2.857537788	3.49177497
8/1/1951	1951.625	3.1	3.1	3.2	3	3.1	3.4	3.4	3.7			2.784924495	3.419070825
9/1/1951	1951.708333	3.3	3.1	3.1	3.2	3	3.1	3.4	3.4			2.784924495	3.419070825
10/1/1951	1951.791667	3.5	3.3	3.1	3.1	3.2	3	3.1	3.4			3.047849768	3.681942742
11/1/1951	1951.875	3.5	3.5	3.3	3.1	3.1	3.2	3	3.1			3.284377448	3.91895396
12/1/1951	1951.958333	3.1	3.5	3.5	3.3	3.1	3.1	3.2	3			3.258562039	3.892511077
1/1/1952	1952.041667	3.2	3.1	3.5	3.5	3.3	3.1	3.1	3.2			2.824102153	3.458280604
2/1/1952	1952.125	3.1	3.2	3.1	3.5	3.5	3.3	3.1	3.1			2.935990119	3.570097514
3/1/1952	1952.208333	2.9	3.1	3.2	3.1	3.5	3.5	3.3	3.1			2.798012545	3.432111921
4/1/1952	1952.291667	2.9	2.9	3.1	3.2	3.1	3.5	3.5	3.3			2.54773042	3.182726
5/1/1952	1952.375	3	2.9	2.9	3.1	3.2	3.1	3.5	3.5			2.54773042	3.182726
6/1/1952	1952.458333	3	3	2.9	2.9	3.1	3.2	3.1	3.5			2.712185881	3.346492
7/1/1952	1952.541667	3.2	3	3	2.9	2.9	3.1	3.2	3.1			2.699128415	3.33342032
8/1/1952	1952.625	3.4	3.2	3	3	2.9	2.9	3.1	3.2			2.935990119	3.570097514
9/1/1952	1952.708333	3.1	3.4	3.2	3	3	2.9	2.9	3.1			3.185493093	3.820262585
10/1/1952	1952.791667	3	3.1	3.4	3.2	3	3	2.9	2.9			2.85007649	3.484564559
11/1/1952	1952.875	2.8	3	3.1	3.4	3.2	3	3	2.9			2.725214528	3.359592499
12/1/1952	1952.958333	2.7	2.8	3	3.1	3.4	3.2	3	3			2.501351261	3.136046013
1/1/1953	1953.041667	2.9	2.7	2.8	3	3.1	3.4	3.2	3			2.363128854	2.998305252
2/1/1953	1953.125	2.6	2.9	2.7	2.8	3	3.1	3.4	3.2			2.560901324	3.195684242
3/1/1953	1953.208333	2.6	2.6	2.9	2.7	2.8	3	3.1	3.4			2.264238179	2.899620197
4/1/1953	1953.291667	2.7	2.6	2.6	2.9	2.7	2.8	3	3.1			2.277374982	2.91261254
5/1/1953	1953.375	2.5	2.7	2.6	2.6	2.9	2.7	2.8	3			2.415510459	3.050440231
6/1/1953	1953.458333	2.5	2.5	2.7	2.6	2.6	2.9	2.7	2.8			2.204663339	2.840006745
7/1/1953	1953.541667	2.6	2.5	2.5	2.7	2.6	2.6	2.9	2.7			2.178479575	2.813932217
8/1/1953	1953.625	2.7	2.6	2.5	2.5	2.7	2.6	2.6	2.9			2.329634424	2.964869682
9/1/1953	1953.708333	2.9	2.7	2.6	2.5	2.5	2.7	2.6	2.6			2.441528528	3.076680454
10/1/1953	1953.791667	3.1	2.9	2.7	2.6	2.5	2.5	2.7	2.6			2.652291364	3.287198225
11/1/1953	1953.875	3.5	3.1	2.9	2.7	2.6	2.5	2.5	2.7			2.901680145	3.537477488
12/1/1953	1953.958333	4.5	3.5	3.1	2.9	2.7	2.6	2.5	2.5			3.348414784	3.985562354
1/1/1954	1954.041667	4.9	4.5	3.5	3.1	2.9	2.7	2.6	2.5			4.45081392	5.094082835
2/1/1954	1954.125	5.2	4.9	4.5	3.5	3.1	2.9	2.7	2.6			4.883694215	5.529892898
3/1/1954	1954.208333	5.7	5.2	4.9	4.5	3.5	3.1	2.9	2.7			5.192705535	5.839737915
4/1/1954	1954.291667	5.9	5.7	5.2	4.9	4.5	3.5	3.1	2.9			5.724092103	6.374617435
5/1/1954	1954.375	5.9	5.9	5.7	5.2	4.9	4.5	3.5	3.1			5.897069271	6.544533436
6/1/1954	1954.458333	5.6	5.9	5.9	5.7	5.2	4.9	4.5	3.5			5.771828399	6.408482849
7/1/1954	1954.541667	5.8	5.6	5.9	5.9	5.7	5.2	4.9	4.5			5.386032998	6.018647037
8/1/1954	1954.625	6	5.8	5.6	5.9	5.9	5.7	5.2	4.9			5.570798809	6.20290354
9/1/1954	1954.708333	6.1	6	5.8	5.6	5.9	5.9	5.7	5.2			5.729614679	6.360851693
10/1/1954	1954.791667	5.7	6.1	6	5.8	5.6	5.9	5.9	5.7			5.815421553	6.446491404
11/1/1954	1954.875	5.3	5.7	6.1	6	5.8	5.6	5.9	5.9			5.367951842	5.999141609
12/1/1954	1954.958333	5	5.3	5.7	6.1	6	5.8	5.6	5.9			4.959581602	5.591079783
1/1/1955	1955.041667	4.9	5	5.3	5.7	6.1	6	5.8	5.6			4.597081487	5.230206977
2/1/1955	1955.125	4.7	4.9	5	5.3	5.7	6.1	6	5.8			4.458300209	5.093025087
3/1/1955	1955.208333	4.6	4.7	4.9	5	5.3	5.7	6.1	6			4.220457924	4.857328473
4/1/1955	1955.291667	4.7	4.6	4.7	4.9	5	5.3	5.7	6.1			4.16184808	4.796750025
5/1/1955	1955.375	4.3	4.7	4.6	4.7	4.9	5	5.3	5.7			4.32711472	4.959704845
6/1/1955	1955.458333	4.2	4.3	4.7	4.6	4.7	4.9	5	5.3			3.918554953	4.551832545
7/1/1955	1955.541667	4	4.2	4.3	4.7	4.6	4.7	4.9	5			3.819715478	4.453096289
8/1/1955	1955.625	4.2	4	4.2	4.3	4.7	4.6	4.7	4.9			3.622027558	4.255632749
9/1/1955	1955.708333	4.1	4.2	4	4.2	4.3	4.7	4.6	4.7			3.859297703	4.491901503
10/1/1955	1955.791667	4.3	4.1	4.2	4	4.2	4.3	4.7	4.6			3.734094128	4.367271056
11/1/1955	1955.875	4.2	4.3	4.1	4.2	4	4.2	4.3	4.7			4.010521618	4.642769902
12/1/1955	1955.958333	4.2	4.2	4.3	4.1	4.2	4	4.2	4.3			3.911669743	4.544046047
1/1/1956	1956.041667	4	4.2	4.2	4.3	4.1	4.2	4	4.2			3.937682332	4.57029175
2/1/1956	1956.125	3.9	4	4.2	4.2	4.3	4.1	4.2	4			3.687835845	4.320470192
3/1/1956	1956.208333	4.2	3.9	4	4.2	4.2	4.3	4.1	4.2			3.588978517	4.22175179
4/1/1956	1956.291667	4	4.2	3.9	4	4.2	4.2	4.3	4.1			3.898620093	4.53096655
5/1/1956	1956.375	4.3	4	4.2	3.9	4	4.2	4.2	4.3			3.687835845	4.320470192
6/1/1956	1956.458333	4.3	4.3	4	4.2	3.9	4	4.2	4.2			4.023544111	4.655876555
7/1/1956	1956.541667	4.4	4.3	4.3	4	4.2	3.9	4	4.2			4.049502412	4.682176546
8/1/1956	1956.625	4.1	4.4	4.3	4.3	4	4.2	3.9	4			4.174202876	4.807310104
9/1/1956	1956.708333	3.9	4.1	4.4	4.3	4.3	4	4.2	3.9			3.799766983	4.432243931
10/1/1956	1956.791667	3.9	3.9	4.1	4.4	4.3	4.3	4	4.2			3.602051793	4.23480766
11/1/1956	1956.875	4.3	3.9	3.9	4.1	4.4	4.3	4.3	4			3.562745307	4.195726709
12/1/1956	1956.958333	4.2	4.3	3.9	3.9	4.1	4.4	4.3	4.3			4.010521618	4.642769902
1/1/1957	1957.041667	4.2	4.2	4.3	3.9	3.9	4.1	4.4	4.3			3.885541533	4.517915965
2/1/1957	1957.125	3.9	4.2	4.2	4.3	3.9	3.9	4.1	4.4			3.924690485	4.557154451
3/1/1957	1957.208333	3.7	3.9	4.2	4.2	4.3	3.9	3.9	4.1			3.615096176	4.247892423
4/1/1957	1957.291667	3.9	3.7	3.9	4.2	4.2	4.3	3.9	3.9			3.391254902	4.024323945
5/1/1957	1957.375	4.1	3.9	3.7	3.9	4.2	4.2	4.3	3.9			3.562745307	4.195726709
6/1/1957	1957.458333	4.3	4.1	3.9	3.7	3.9	4.2	4.2	4.3			3.799766983	4.432243931
7/1/1957	1957.541667	4.2	4.3	4.1	3.9	3.7	3.9	4.2	4.2			4.023544111	4.655876555
8/1/1957	1957.625	4.1	4.2	4.3	4.1	3.9	3.7	3.9	4.2			3.950645304	4.583457923
9/1/1957	1957.708333	4.4	4.1	4.2	4.3	4.1	3.9	3.7	3.9			3.864717608	4.497939036
10/1/1957	1957.791667	4.5	4.4	4.1	4.2	4.3	4.1	3.9	3.7			4.174202876	4.807310104
11/1/1957	1957.875	5.1	4.5	4.4	4.1	4.2	4.3	4.1	3.9			4.260146979	4.892812586
12/1/1957	1957.958333	5.2	5.1	4.5	4.4	4.1	4.2	4.3	4.1			4.904712013	5.538218516
1/1/1958	1958.041667	5.8	5.2	5.1	4.5	4.4	4.1	4.2	4.3			5.029137372	5.66362718
2/1/1958	1958.125	6.4	5.8	5.2	5.1	4.5	4.4	4.1	4.2			5.710857991	6.350264965
3/1/1958	1958.208333	6.7	6.4	5.8	5.2	5.1	4.5	4.4	4.1			6.341449917	6.983514857
4/1/1958	1958.291667	7.4	6.7	6.4	5.8	5.2	5.1	4.5	4.4			6.662866231	7.307084026
5/1/1958	1958.375	7.4	7.4	6.7	6.4	5.8	5.2	5.1	4.5			7.366961815	8.0121477
6/1/1958	1958.458333	7.3	7.4	7.4	6.7	6.4	5.8	5.2	5.1			7.354508996	7.998471373
7/1/1958	1958.541667	7.5	7.3	7.4	7.4	6.7	6.4	5.8	5.2			7.167782409	7.804718207
8/1/1958	1958.625	7.4	7.5	7.3	7.4	7.4	6.7	6.4	5.8			7.314473012	7.948662481
9/1/1958	1958.708333	7.1	7.4	7.5	7.3	7.4	7.4	6.7	6.4			7.16437141	7.796671769
10/1/1958	1958.791667	6.7	7.1	7.4	7.5	7.3	7.4	7.4	6.7			6.737765569	7.369258959
11/1/1958	1958.875	6.2	6.7	7.1	7.4	7.5	7.3	7.4	7.4			6.28980248	6.922402543
12/1/1958	1958.958333	6.2	6.2	6.7	7.1	7.4	7.5	7.3	7.4			5.742614827	6.377194962
1/1/1959	1959.041667	6	6.2	6.2	6.7	7.1	7.4	7.5	7.3			5.715783435	6.351768062
2/1/1959	1959.125	5.9	6	6.2	6.2	6.7	7.1	7.4	7.5			5.504781734	6.141489157
3/1/1959	1959.208333	5.6	5.9	6	6.2	6.2	6.7	7.1	7.4			5.432883169	6.068070283
4/1/1959	1959.291667	5.2	5.6	5.9	6	6.2	6.2	6.7	7.1			5.149917112	5.784438296
5/1/1959	1959.375	5.1	5.2	5.6	5.9	6	6.2	6.2	6.7			4.768080872	5.40210076
6/1/1959	1959.458333	5	5.1	5.2	5.6	5.9	6	6.2	6.2			4.655920005	5.290556752
7/1/1959	1959.541667	5.1	5	5.1	5.2	5.6	5.9	6	6.2			4.570463517	5.204566655
8/1/1959	1959.625	5.2	5.1	5	5.1	5.2	5.6	5.9	6			4.695895212	5.328968982
9/1/1959	1959.708333	5.5	5.2	5.1	5	5.1	5.2	5.6	5.9			4.84761094	5.479345568
10/1/1959	1959.791667	5.7	5.5	5.2	5.1	5	5.1	5.2	5.6			5.2355541	5.867033621
11/1/1959	1959.875	5.8	5.7	5.5	5.2	5.1	5	5.1	5.2			5.471981442	6.104145177
12/1/1959	1959.958333	5.3	5.8	5.7	5.5	5.2	5.1	5	5.1			5.596520847	6.229439794
1/1/1960	1960.041667	5.2	5.3	5.8	5.7	5.5	5.2	5.1	5			5.024926658	5.656380457
2/1/1960	1960.125	4.8	5.2	5.3	5.8	5.7	5.5	5.2	5.1			4.900053624	5.531419468
3/1/1960	1960.208333	5.4	4.8	5.2	5.3	5.8	5.7	5.5	5.2			4.41270741	5.045558739
4/1/1960	1960.291667	5.2	5.4	4.8	5.2	5.3	5.8	5.7	5.5			5.058395177	5.689841938
5/1/1960	1960.375	5.1	5.2	5.4	4.8	5.2	5.3	5.8	5.7			4.821216099	5.453482117
6/1/1960	1960.458333	5.4	5.1	5.2	5.4	4.8	5.2	5.3	5.8			4.775068815	5.406570255
7/1/1960	1960.541667	5.5	5.4	5.1	5.2	5.4	4.8	5.2	5.3			5.123749046	5.755133799
8/1/1960	1960.625	5.6	5.5	5.4	5.1	5.2	5.4	4.8	5.2			5.287207889	5.919896415
9/1/1960	1960.708333	5.5	5.6	5.5	5.4	5.1	5.2	5.4	4.8			5.321384804	5.952649501
10/1/1960	1960.791667	6.1	5.5	5.6	5.5	5.4	5.1	5.2	5.4			5.2355541	5.867033621
11/1/1960	1960.875	6.1	6.1	5.5	5.6	5.5	5.4	5.1	5.2			5.918582972	6.552363152
12/1/1960	1960.958333	6.6	6.1	6.1	5.5	5.6	5.5	5.4	5.1			5.880113528	6.512445158
1/1/1961	1961.041667	6.6	6.6	6.1	6.1	5.5	5.6	5.5	5.4			6.425389166	7.059564755
2/1/1961	1961.125	6.9	6.6	6.6	6.1	6.1	5.5	5.6	5.5			6.412614608	7.046210167
3/1/1961	1961.208333	6.9	6.9	6.6	6.6	6.1	6.1	5.5	5.6			6.759945886	7.396122663
4/1/1961	1961.291667	7	6.9	6.9	6.6	6.6	6.1	6.1	5.5			6.683352057	7.315941617
5/1/1961	1961.375	7.1	7	6.9	6.9	6.6	6.6	6.1	6.1			6.79497576	7.42802279
6/1/1961	1961.458333	6.9	7.1	7	6.9	6.9	6.6	6.6	6.1			6.842223987	7.473833709
7/1/1961	1961.541667	7	6.9	7.1	7	6.9	6.9	6.6	6.6			6.618734124	7.24991382
8/1/1961	1961.625	6.6	7	6.9	7.1	7	6.9	6.9	6.6			6.691456988	7.322508394
9/1/1961	1961.708333	6.7	6.6	7	6.9	7.1	7	6.9	6.9			6.243923384	6.875222494
10/1/1961	1961.791667	6.5	6.7	6.6	7	6.9	7.1	7	6.9			6.342697838	6.97402377
11/1/1961	1961.875	6.1	6.5	6.7	6.6	7	6.9	7.1	7			6.105528185	6.737654524
12/1/1961	1961.958333	6	6.1	6.5	6.7	6.6	7	6.9	7.1			5.683867409	6.316754088
1/1/1962	1962.041667	5.8	6	6.1	6.5	6.7	6.6	7	6.9			5.55843043	6.192357045
2/1/1962	1962.125	5.5	5.8	6	6.1	6.5	6.7	6.6	7			5.38750727	6.020387036
3/1/1962	1962.208333	5.6	5.5	5.8	6	6.1	6.5	6.7	6.6			5.037734415	5.672916116
4/1/1962	1962.291667	5.6	5.6	5.5	5.8	6	6.1	6.5	6.7			5.176613559	5.81000014
5/1/1962	1962.375	5.5	5.6	5.6	5.5	5.8	6	6.1	6.5			5.229662087	5.861468196
6/1/1962	1962.458333	5.5	5.5	5.6	5.6	5.5	5.8	6	6.1			5.130858063	5.76269649
7/1/1962	1962.541667	5.4	5.5	5.5	5.6	5.6	5.5	5.8	6			5.157205745	5.7886071
8/1/1962	1962.625	5.7	5.4	5.5	5.5	5.6	5.6	5.5	5.8			5.084623598	5.715871809
9/1/1962	1962.708333	5.6	5.7	5.4	5.5	5.5	5.6	5.6	5.5			5.407180038	6.038300851
10/1/1962	1962.791667	5.4	5.6	5.7	5.4	5.5	5.5	5.6	5.6			5.295323093	5.92645292
11/1/1962	1962.875	5.7	5.4	5.6	5.7	5.4	5.5	5.5	5.6			5.084623598	5.715871809
12/1/1962	1962.958333	5.5	5.7	5.4	5.6	5.7	5.4	5.5	5.5			5.420198172	6.051411864
1/1/1963	1963.041667	5.7	5.5	5.7	5.4	5.6	5.7	5.4	5.5			5.209553812	5.840775617
2/1/1963	1963.125	5.9	5.7	5.5	5.7	5.4	5.6	5.7	5.4			5.39413294	6.025218803
3/1/1963	1963.208333	5.7	5.9	5.7	5.5	5.7	5.4	5.6	5.7			5.630808579	6.262082063
4/1/1963	1963.291667	5.7	5.7	5.9	5.7	5.5	5.7	5.4	5.6			5.433187354	6.064551827
5/1/1963	1963.375	5.9	5.7	5.7	5.9	5.7	5.5	5.7	5.4			5.39413294	6.025218803
6/1/1963	1963.458333	5.6	5.9	5.7	5.7	5.9	5.7	5.5	5.7			5.643772341	6.275247447
7/1/1963	1963.541667	5.6	5.6	5.9	5.7	5.7	5.9	5.7	5.5			5.282248791	5.913398076
8/1/1963	1963.625	5.4	5.6	5.6	5.9	5.7	5.7	5.9	5.7			5.256013304	5.887375271
9/1/1963	1963.708333	5.5	5.4	5.6	5.6	5.9	5.7	5.7	5.9			5.058395177	5.689841938
10/1/1963	1963.791667	5.5	5.5	5.4	5.6	5.6	5.9	5.7	5.7			5.170336198	5.801605793
11/1/1963	1963.875	5.7	5.5	5.5	5.4	5.6	5.6	5.9	5.7			5.144046358	5.775637341
12/1/1963	1963.958333	5.5	5.7	5.5	5.5	5.4	5.6	5.6	5.9			5.407180038	6.038300851
1/1/1964	1964.041667	5.6	5.5	5.7	5.5	5.5	5.4	5.6	5.6			5.183437699	5.814633438
2/1/1964	1964.125	5.4	5.6	5.5	5.7	5.5	5.5	5.4	5.6			5.321384804	5.952649501
3/1/1964	1964.208333	5.4	5.4	5.6	5.5	5.7	5.5	5.5	5.4			5.084623598	5.715871809
4/1/1964	1964.291667	5.3	5.4	5.4	5.6	5.5	5.7	5.5	5.5			5.084623598	5.715871809
5/1/1964	1964.375	5.1	5.3	5.4	5.4	5.6	5.5	5.7	5.5			4.946425752	5.578106486
6/1/1964	1964.458333	5.2	5.1	5.3	5.4	5.4	5.6	5.5	5.7			4.748793123	5.380587655
7/1/1964	1964.541667	4.9	5.2	5.1	5.3	5.4	5.4	5.6	5.5			4.84761094	5.479345568
8/1/1964	1964.625	5	4.9	5.2	5.1	5.3	5.4	5.4	5.6			4.53797081	5.170129362
9/1/1964	1964.708333	5.1	5	4.9	5.2	5.1	5.3	5.4	5.4			4.649972302	5.281832746
10/1/1964	1964.791667	5.1	5.1	5	4.9	5.2	5.1	5.3	5.4			4.775068815	5.406570255
11/1/1964	1964.875	4.8	5.1	5.1	5	4.9	5.2	5.1	5.3			4.801228741	5.432668621
12/1/1964	1964.958333	5	4.8	5.1	5.1	5	4.9	5.2	5.1			4.45232165	5.084331938
1/1/1965	1965.041667	4.9	5	4.8	5.1	5.1	5	4.9	5.2			4.71543563	5.347015148
2/1/1965	1965.125	5.1	4.9	5	4.8	5.1	5.1	5	4.9			4.590507998	5.222108757
3/1/1965	1965.208333	4.7	5.1	4.9	5	4.8	5.1	5.1	5			4.801228741	5.432668621
4/1/1965	1965.291667	4.8	4.7	5.1	4.9	5	4.8	5.1	5.1			4.353491821	4.985586036
5/1/1965	1965.375	4.6	4.8	4.7	5.1	4.9	5	4.8	5.1			4.504736068	5.136434103
6/1/1965	1965.458333	4.6	4.6	4.8	4.7	5.1	4.9	5	4.8			4.254658992	4.886843135
7/1/1965	1965.541667	4.4	4.6	4.6	4.8	4.7	5.1	4.9	5			4.267802445	4.899828828
8/1/1965	1965.625	4.4	4.4	4.6	4.6	4.8	4.7	5.1	4.9			4.017391435	4.650571794
9/1/1965	1965.708333	4.3	4.4	4.4	4.6	4.6	4.8	4.7	5.1			4.070124247	4.702355565
10/1/1965	1965.791667	4.2	4.3	4.4	4.4	4.6	4.6	4.8	4.7			3.944975503	4.577670287
11/1/1965	1965.875	4.1	4.2	4.3	4.4	4.4	4.6	4.6	4.8			3.859297703	4.491901503
12/1/1965	1965.958333	4	4.1	4.2	4.3	4.4	4.4	4.6	4.6			3.747286433	4.380207896
1/1/1966	1966.041667	4	4	4.1	4.2	4.3	4.4	4.4	4.6			3.661599095	4.29444865
2/1/1966	1966.125	3.8	4	4	4.1	4.2	4.3	4.4	4.4			3.661599095	4.29444865
3/1/1966	1966.208333	3.8	3.8	4	4	4.1	4.2	4.3	4.4			3.450730402	4.084036737
4/1/1966	1966.291667	3.8	3.8	3.8	4	4	4.1	4.2	4.3			3.46388853	4.097007755
5/1/1966	1966.375	3.9	3.8	3.8	3.8	4	4	4.1	4.2			3.477017803	4.110007628
6/1/1966	1966.458333	3.8	3.9	3.8	3.8	3.8	4	4	4.1			3.602051793	4.23480766
7/1/1966	1966.541667	3.8	3.8	3.9	3.8	3.8	3.8	4	4			3.490118202	4.123036375
8/1/1966	1966.625	3.8	3.8	3.8	3.9	3.8	3.8	3.8	4			3.516232348	4.149180521
9/1/1966	1966.708333	3.7	3.8	3.8	3.8	3.9	3.8	3.8	3.8			3.516232348	4.149180521
10/1/1966	1966.791667	3.7	3.7	3.8	3.8	3.8	3.9	3.8	3.8			3.404324658	4.037383334
11/1/1966	1966.875	3.6	3.7	3.7	3.8	3.8	3.8	3.9	3.8			3.391254902	4.024323945
12/1/1966	1966.958333	3.8	3.6	3.7	3.7	3.8	3.8	3.8	3.9			3.292388619	3.925614497
1/1/1967	1967.041667	3.9	3.8	3.6	3.7	3.7	3.8	3.8	3.8			3.516232348	4.149180521
2/1/1967	1967.125	3.8	3.9	3.8	3.6	3.7	3.7	3.8	3.8			3.628111673	4.261006072
3/1/1967	1967.208333	3.8	3.8	3.9	3.8	3.6	3.7	3.7	3.8			3.529246099	4.162295916
4/1/1967	1967.291667	3.8	3.8	3.8	3.9	3.8	3.6	3.7	3.7			3.529246099	4.162295916
5/1/1967	1967.375	3.8	3.8	3.8	3.8	3.9	3.8	3.6	3.7			3.542230984	4.175440176
6/1/1967	1967.458333	3.9	3.8	3.8	3.8	3.8	3.9	3.8	3.6			3.516232348	4.149180521
7/1/1967	1967.541667	3.8	3.9	3.8	3.8	3.8	3.8	3.9	3.8			3.615096176	4.247892423
8/1/1967	1967.625	3.8	3.8	3.9	3.8	3.8	3.8	3.8	3.9			3.516232348	4.149180521
9/1/1967	1967.708333	3.8	3.8	3.8	3.9	3.8	3.8	3.8	3.8			3.516232348	4.149180521
10/1/1967	1967.791667	4	3.8	3.8	3.8	3.9	3.8	3.8	3.8			3.516232348	4.149180521
11/1/1967	1967.875	3.9	4	3.8	3.8	3.8	3.9	3.8	3.8			3.739962627	4.372859994
12/1/1967	1967.958333	3.8	3.9	4	3.8	3.8	3.8	3.9	3.8			3.615096176	4.247892423
1/1/1968	1968.041667	3.7	3.8	3.9	4	3.8	3.8	3.8	3.9			3.516232348	4.149180521
2/1/1968	1968.125	3.8	3.7	3.8	3.9	4	3.8	3.8	3.8			3.404324658	4.037383334
3/1/1968	1968.208333	3.7	3.8	3.7	3.8	3.9	4	3.8	3.8			3.516232348	4.149180521
4/1/1968	1968.291667	3.5	3.7	3.8	3.7	3.8	3.9	4	3.8			3.378156269	4.011293432
5/1/1968	1968.375	3.5	3.5	3.7	3.8	3.7	3.8	3.9	4			3.167300296	3.800868798
6/1/1968	1968.458333	3.7	3.5	3.5	3.7	3.8	3.7	3.8	3.9			3.180424253	3.813873987
7/1/1968	1968.541667	3.7	3.7	3.5	3.5	3.7	3.8	3.7	3.8			3.417365536	4.050471602
8/1/1968	1968.625	3.5	3.7	3.7	3.5	3.5	3.7	3.8	3.7			3.404324658	4.037383334
9/1/1968	1968.708333	3.4	3.5	3.7	3.7	3.5	3.5	3.7	3.8			3.193519356	3.82690803
10/1/1968	1968.791667	3.4	3.4	3.5	3.7	3.7	3.5	3.5	3.7			3.107711598	3.741269204
11/1/1968	1968.875	3.4	3.4	3.4	3.5	3.7	3.7	3.5	3.5			3.107711598	3.741269204
12/1/1968	1968.958333	3.4	3.4	3.4	3.4	3.5	3.7	3.7	3.5			3.081553776	3.715168734
1/1/1969	1969.041667	3.4	3.4	3.4	3.4	3.4	3.5	3.7	3.7			3.081553776	3.715168734
2/1/1969	1969.125	3.4	3.4	3.4	3.4	3.4	3.4	3.5	3.7			3.107711598	3.741269204
3/1/1969	1969.208333	3.4	3.4	3.4	3.4	3.4	3.4	3.4	3.5			3.120747226	3.754362722
4/1/1969	1969.291667	3.4	3.4	3.4	3.4	3.4	3.4	3.4	3.4			3.120747226	3.754362722
5/1/1969	1969.375	3.4	3.4	3.4	3.4	3.4	3.4	3.4	3.4			3.120747226	3.754362722
6/1/1969	1969.458333	3.5	3.4	3.4	3.4	3.4	3.4	3.4	3.4			3.120747226	3.754362722
7/1/1969	1969.541667	3.5	3.5	3.4	3.4	3.4	3.4	3.4	3.4			3.232631495	3.86618333
8/1/1969	1969.625	3.5	3.5	3.5	3.4	3.4	3.4	3.4	3.4			3.232631495	3.86618333
9/1/1969	1969.708333	3.7	3.5	3.5	3.5	3.4	3.4	3.4	3.4			3.232631495	3.86618333
10/1/1969	1969.791667	3.7	3.7	3.5	3.5	3.5	3.4	3.4	3.4			3.456315006	4.089909571
11/1/1969	1969.875	3.5	3.7	3.7	3.5	3.5	3.5	3.4	3.4			3.456315006	4.089909571
12/1/1969	1969.958333	3.5	3.5	3.7	3.7	3.5	3.5	3.5	3.4			3.219622973	3.853062705
1/1/1970	1970.041667	3.9	3.5	3.5	3.7	3.7	3.5	3.5	3.5			3.219622973	3.853062705
2/1/1970	1970.125	4.2	3.9	3.5	3.5	3.7	3.7	3.5	3.5			3.666985018	4.300520165
3/1/1970	1970.208333	4.4	4.2	3.9	3.5	3.5	3.7	3.7	3.5			3.976484743	4.609876776
4/1/1970	1970.291667	4.6	4.4	4.2	3.9	3.5	3.5	3.7	3.7			4.19993409	4.833837183
5/1/1970	1970.375	4.8	4.6	4.4	4.2	3.9	3.5	3.5	3.7			4.44877953	5.084659787
6/1/1970	1970.458333	4.9	4.8	4.6	4.4	4.2	3.9	3.5	3.5			4.671896397	5.308952672
7/1/1970	1970.541667	5	4.9	4.8	4.6	4.4	4.2	3.9	3.5			4.732601713	5.367435648
8/1/1970	1970.625	5.1	5	4.9	4.8	4.6	4.4	4.2	3.9			4.805870207	5.439484593
9/1/1970	1970.708333	5.4	5.1	5	4.9	4.8	4.6	4.4	4.2			4.891877483	5.524923901
10/1/1970	1970.791667	5.5	5.4	5.1	5	4.9	4.8	4.6	4.4			5.201219484	5.834438236
11/1/1970	1970.875	5.9	5.5	5.4	5.1	5	4.9	4.8	4.6			5.287207889	5.919896415
12/1/1970	1970.958333	6.1	5.9	5.5	5.4	5.1	5	4.9	4.8			5.720949342	6.354845321
1/1/1971	1971.041667	5.9	6.1	5.9	5.5	5.4	5.1	5	4.9			5.931348845	6.565726425
2/1/1971	1971.125	5.9	5.9	6.1	5.9	5.5	5.4	5.1	5			5.695338693	6.328197679
3/1/1971	1971.208333	6	5.9	5.9	6.1	5.9	5.5	5.4	5.1			5.656707193	6.288441741
4/1/1971	1971.291667	5.9	6	5.9	5.9	6.1	5.9	5.5	5.4			5.755516802	6.387207862
5/1/1971	1971.375	5.9	5.9	6	5.9	5.9	6.1	5.9	5.5			5.591743605	6.222759599
6/1/1971	1971.458333	5.9	5.9	5.9	6	5.9	5.9	6.1	5.9			5.565555449	6.196689463
7/1/1971	1971.541667	6	5.9	5.9	5.9	6	5.9	5.9	6.1			5.591743605	6.222759599
8/1/1971	1971.625	6.1	6	5.9	5.9	5.9	6	5.9	5.9			5.703596807	6.334611273
9/1/1971	1971.708333	6	6.1	6	5.9	5.9	5.9	6	5.9			5.802396376	6.433387435
10/1/1971	1971.791667	5.8	6	6.1	6	5.9	5.9	5.9	6			5.703596807	6.334611273
11/1/1971	1971.875	6	5.8	6	6.1	6	5.9	5.9	5.9			5.479861947	6.11093638
12/1/1971	1971.958333	6	6	5.8	6	6.1	6	5.9	5.9			5.703596807	6.334611273
1/1/1972	1972.041667	5.8	6	6	5.8	6	6.1	6	5.9			5.690544422	6.321534512
2/1/1972	1972.125	5.7	5.8	6	6	5.8	6	6.1	6			5.453619398	6.084920638
3/1/1972	1972.208333	5.8	5.7	5.8	6	6	5.8	6	6.1			5.354817856	5.98614645
4/1/1972	1972.291667	5.7	5.8	5.7	5.8	6	6	5.8	6			5.492939778	6.123987696
5/1/1972	1972.375	5.7	5.7	5.8	5.7	5.8	6	6	5.8			5.354817856	5.98614645
6/1/1972	1972.458333	5.7	5.7	5.7	5.8	5.7	5.8	6	6			5.354817856	5.98614645
7/1/1972	1972.541667	5.6	5.7	5.7	5.7	5.8	5.7	5.8	6			5.381056874	6.012165723
8/1/1972	1972.625	5.6	5.6	5.7	5.7	5.7	5.8	5.7	5.8			5.282248791	5.913398076
9/1/1972	1972.708333	5.5	5.6	5.6	5.7	5.7	5.7	5.8	5.7			5.269145524	5.900372197
10/1/1972	1972.791667	5.6	5.5	5.6	5.6	5.7	5.7	5.7	5.8			5.170336198	5.801605793
11/1/1972	1972.875	5.3	5.6	5.5	5.6	5.6	5.7	5.7	5.7			5.282248791	5.913398076
12/1/1972	1972.958333	5.2	5.3	5.6	5.5	5.6	5.6	5.7	5.7			4.946425752	5.578106486
1/1/1973	1973.041667	4.9	5.2	5.3	5.6	5.5	5.6	5.6	5.7			4.84761094	5.479345568
2/1/1973	1973.125	5	4.9	5.2	5.3	5.6	5.5	5.6	5.6			4.51152891	5.144312969
3/1/1973	1973.208333	4.9	5	4.9	5.2	5.3	5.6	5.5	5.6			4.636792862	5.26888304
4/1/1973	1973.291667	5	4.9	5	4.9	5.2	5.3	5.6	5.5			4.51152891	5.144312969
5/1/1973	1973.375	4.9	5	4.9	5	4.9	5.2	5.3	5.6			4.663122841	5.294811353
6/1/1973	1973.458333	4.9	4.9	5	4.9	5	4.9	5.2	5.3			4.564297245	5.196061219
7/1/1973	1973.541667	4.8	4.9	4.9	5	4.9	5	4.9	5.2			4.603569962	5.23517594
8/1/1973	1973.625	4.8	4.8	4.9	4.9	5	4.9	5	4.9			4.478586723	5.110325156
9/1/1973	1973.708333	4.8	4.8	4.8	4.9	4.9	5	4.9	5			4.491675866	5.123365159
10/1/1973	1973.791667	4.6	4.8	4.8	4.8	4.9	4.9	5	4.9			4.478586723	5.110325156
11/1/1973	1973.875	4.8	4.6	4.8	4.8	4.8	4.9	4.9	5			4.267802445	4.899828828
12/1/1973	1973.958333	4.9	4.8	4.6	4.8	4.8	4.8	4.9	4.9			4.491675866	5.123365159
1/1/1974	1974.041667	5.1	4.9	4.8	4.6	4.8	4.8	4.8	4.9			4.616602981	5.248272067
2/1/1974	1974.125	5.2	5.1	4.9	4.8	4.6	4.8	4.8	4.8			4.840251529	5.472033271
3/1/1974	1974.208333	5.1	5.2	5.1	4.9	4.8	4.6	4.8	4.8			4.95203318	5.583956496
4/1/1974	1974.291667	5.1	5.1	5.2	5.1	4.9	4.8	4.6	4.8			4.86612217	5.498420921
5/1/1974	1974.375	5.1	5.1	5.1	5.2	5.1	4.9	4.8	4.6			4.840251529	5.472033271
6/1/1974	1974.458333	5.4	5.1	5.1	5.1	5.2	5.1	4.9	4.8			4.827272867	5.458882787
7/1/1974	1974.541667	5.5	5.4	5.1	5.1	5.1	5.2	5.1	4.9			5.136732963	5.768279027
8/1/1974	1974.625	5.5	5.5	5.4	5.1	5.1	5.1	5.2	5.1			5.2355541	5.867033621
9/1/1974	1974.708333	5.9	5.5	5.5	5.4	5.1	5.1	5.1	5.2			5.248510848	5.880206019
10/1/1974	1974.791667	6	5.9	5.5	5.5	5.4	5.1	5.1	5.1			5.695338693	6.328197679
11/1/1974	1974.875	6.6	6	5.9	5.5	5.5	5.4	5.1	5.1			5.806974926	6.440266322
12/1/1974	1974.958333	7.2	6.6	6	5.9	5.5	5.5	5.4	5.1			6.438135188	7.072947879
1/1/1975	1975.041667	8.1	7.2	6.6	6	5.9	5.5	5.5	5.4			7.094252603	7.732930576
2/1/1975	1975.125	8.1	8.1	7.2	6.6	6	5.9	5.5	5.5			8.095704513	8.744822551
3/1/1975	1975.208333	8.6	8.1	8.1	7.2	6.6	6	5.9	5.5			8.046007203	8.690003278
4/1/1975	1975.291667	8.8	8.6	8.1	8.1	7.2	6.6	6	5.9			8.589578372	9.238827343
5/1/1975	1975.375	9	8.8	8.6	8.1	8.1	7.2	6.6	6			8.737360875	9.381679717
6/1/1975	1975.458333	8.8	9	8.8	8.6	8.1	8.1	7.2	6.6			8.884665519	9.52500995
7/1/1975	1975.541667	8.6	8.8	9	8.8	8.6	8.1	8.1	7.2			8.546850876	9.180252527
8/1/1975	1975.625	8.4	8.6	8.8	9	8.8	8.6	8.1	8.1			8.323511236	8.956182414
9/1/1975	1975.708333	8.4	8.4	8.6	8.8	9	8.8	8.6	8.1			8.034585156	8.667053011
10/1/1975	1975.791667	8.4	8.4	8.4	8.6	8.8	9	8.8	8.6			8.008193648	8.641186227
11/1/1975	1975.875	8.3	8.4	8.4	8.4	8.6	8.8	9	8.8			7.981686946	8.615434638
12/1/1975	1975.958333	8.2	8.3	8.4	8.4	8.4	8.6	8.8	9			7.8962347	8.529440299
1/1/1976	1976.041667	7.9	8.2	8.3	8.4	8.4	8.4	8.6	8.8			7.810747271	8.443481144
2/1/1976	1976.125	7.7	7.9	8.2	8.3	8.4	8.4	8.4	8.6			7.50132492	8.134047158
3/1/1976	1976.208333	7.6	7.7	7.9	8.2	8.3	8.4	8.4	8.4			7.27731195	7.910650376
4/1/1976	1976.291667	7.7	7.6	7.7	7.9	8.2	8.3	8.4	8.4			7.165263072	7.798994378
5/1/1976	1976.375	7.4	7.7	7.6	7.7	7.9	8.2	8.3	8.4			7.290596388	7.923495084
6/1/1976	1976.458333	7.6	7.4	7.7	7.6	7.7	7.9	8.2	8.3			6.967782605	7.601323385
7/1/1976	1976.541667	7.8	7.6	7.4	7.7	7.6	7.7	7.9	8.2			7.231532593	7.863370586
8/1/1976	1976.625	7.8	7.8	7.6	7.4	7.7	7.6	7.7	7.9			7.481528424	8.1130428
9/1/1976	1976.708333	7.6	7.8	7.8	7.6	7.4	7.7	7.6	7.7			7.494583585	8.126116785
10/1/1976	1976.791667	7.7	7.6	7.8	7.8	7.6	7.4	7.7	7.6			7.257838474	7.889322997
11/1/1976	1976.875	7.8	7.7	7.6	7.8	7.8	7.6	7.4	7.7			7.408857863	8.040395923
12/1/1976	1976.958333	7.8	7.8	7.7	7.6	7.8	7.8	7.6	7.4			7.494583585	8.126116785
1/1/1977	1977.041667	7.5	7.8	7.8	7.7	7.6	7.8	7.8	7.6			7.468444314	8.099997764
2/1/1977	1977.125	7.6	7.5	7.8	7.8	7.7	7.6	7.8	7.8			7.132785196	7.764542253
3/1/1977	1977.208333	7.4	7.6	7.5	7.8	7.8	7.7	7.6	7.8			7.270948016	7.902342602
4/1/1977	1977.291667	7.2	7.4	7.6	7.5	7.8	7.8	7.7	7.6			7.034034796	7.665716923
5/1/1977	1977.375	7	7.2	7.4	7.6	7.5	7.8	7.8	7.7			6.796870484	7.429342337
6/1/1977	1977.458333	7.2	7	7.2	7.4	7.6	7.5	7.8	7.8			6.572785747	7.206017322
7/1/1977	1977.541667	6.9	7.2	7	7.2	7.4	7.6	7.5	7.8			6.836524984	7.468075275
8/1/1977	1977.625	7	6.9	7.2	7	7.2	7.4	7.6	7.5			6.487328365	7.12002812
9/1/1977	1977.708333	6.8	7	6.9	7.2	7	7.2	7.4	7.6			6.625817344	7.257502309
10/1/1977	1977.791667	6.8	6.8	7	6.9	7.2	7	7.2	7.4			6.428286986	7.059881206
11/1/1977	1977.875	6.8	6.8	6.8	7	6.9	7.2	7	7.2			6.454622657	7.085803826
12/1/1977	1977.958333	6.4	6.8	6.8	6.8	7	6.9	7.2	7			6.428286986	7.059881206
1/1/1978	1978.041667	6.4	6.4	6.8	6.8	6.8	7	6.9	7.2			6.019986013	6.651750112
2/1/1978	1978.125	6.3	6.4	6.4	6.8	6.8	6.8	7	6.9			6.006752983	6.638853996
3/1/1978	1978.208333	6.3	6.3	6.4	6.4	6.8	6.8	6.8	7			5.921206049	6.552954346
4/1/1978	1978.291667	6.1	6.3	6.3	6.4	6.4	6.8	6.8	6.8			5.921206049	6.552954346
5/1/1978	1978.375	6	6.1	6.3	6.3	6.4	6.4	6.8	6.8			5.697152761	6.329597881
6/1/1978	1978.458333	5.9	6	6.1	6.3	6.3	6.4	6.4	6.8			5.638045236	6.269517114
7/1/1978	1978.541667	6.2	5.9	6	6.1	6.3	6.3	6.4	6.4			5.526056116	6.157801358
8/1/1978	1978.625	5.9	6.2	5.9	6	6.1	6.3	6.3	6.4			5.875052136	6.506049112
9/1/1978	1978.708333	6	5.9	6.2	5.9	6	6.1	6.3	6.3			5.539251477	6.170735143
10/1/1978	1978.791667	5.8	6	5.9	6.2	5.9	6	6.1	6.3			5.677463063	6.308486725
11/1/1978	1978.875	5.9	5.8	6	5.9	6.2	5.9	6	6.1			5.46675515	6.097914031
12/1/1978	1978.958333	6	5.9	5.8	6	5.9	6.2	5.9	6			5.591743605	6.222759599
1/1/1979	1979.041667	5.9	6	5.9	5.8	6	5.9	6.2	5.9			5.664352737	6.295467905
2/1/1979	1979.125	5.9	5.9	6	5.9	5.8	6	5.9	6.2			5.591743605	6.222759599
3/1/1979	1979.208333	5.8	5.9	5.9	6	5.9	5.8	6	5.9			5.578664011	6.209710047
4/1/1979	1979.291667	5.8	5.8	5.9	5.9	6	5.9	5.8	6			5.492939778	6.123987696
5/1/1979	1979.375	5.6	5.8	5.8	5.9	5.9	6	5.9	5.8			5.479861947	6.11093638
6/1/1979	1979.458333	5.7	5.6	5.8	5.8	5.9	5.9	6	5.9			5.24285215	5.87440728
7/1/1979	1979.541667	5.7	5.7	5.6	5.8	5.8	5.9	5.9	6			5.367951842	5.999141609
8/1/1979	1979.625	6	5.7	5.7	5.6	5.8	5.8	5.9	5.9			5.367951842	5.999141609
9/1/1979	1979.708333	5.9	6	5.7	5.7	5.6	5.8	5.8	5.9			5.716620222	6.347717004
10/1/1979	1979.791667	6	5.9	6	5.7	5.7	5.6	5.8	5.8			5.604794227	6.235838123
11/1/1979	1979.875	5.9	6	5.9	6	5.7	5.7	5.6	5.8			5.742580197	6.374015321
12/1/1979	1979.958333	6	5.9	6	5.9	6	5.7	5.7	5.6			5.617815881	6.248945614
1/1/1980	1980.041667	6.3	6	5.9	6	5.9	6	5.7	5.7	0.254766814		5.729614679	6.360851693
2/1/1980	1980.125	6.3	6.3	6	5.9	6	5.9	6	5.7	-0.041596781	0.254766814	6.02601492	6.657178642
3/1/1980	1980.208333	6.3	6.3	6.3	6	5.9	6	5.9	6	-0.054661354	-0.041596781	6.038985714	6.670336995
4/1/1980	1980.291667	6.9	6.3	6.3	6.3	6	5.9	6	5.9	0.558403219	-0.054661354	6.02601492	6.657178642
5/1/1980	1980.375	7.5	6.9	6.3	6.3	6.3	6	5.9	6	0.474224017	0.558403219	6.70899761	7.342554355
6/1/1980	1980.458333	7.6	7.5	6.9	6.3	6.3	6.3	6	5.9	-0.083826039	0.474224017	7.365349697	8.00230238
7/1/1980	1980.541667	7.8	7.6	7.5	6.9	6.3	6.3	6.3	6	0.043515242	-0.083826039	7.438743786	8.074225729
8/1/1980	1980.625	7.7	7.8	7.6	7.5	6.9	6.3	6.3	6.3	-0.280189634	0.043515242	7.661678258	8.29870101
9/1/1980	1980.708333	7.5	7.7	7.8	7.6	7.5	6.9	6.3	6.3	-0.368337196	-0.280189634	7.5502249	8.186449491
10/1/1980	1980.791667	7.5	7.5	7.7	7.8	7.6	7.5	6.9	6.3	-0.066244882	-0.368337196	7.250234149	7.882255615
11/1/1980	1980.875	7.5	7.5	7.5	7.7	7.8	7.6	7.5	6.9	0.012142556	-0.066244882	7.17219536	7.803519528
12/1/1980	1980.958333	7.2	7.5	7.5	7.5	7.7	7.8	7.6	7.5	-0.274792871	0.012142556	7.159087575	7.790498166
1/1/1981	1981.041667	7.5	7.2	7.5	7.5	7.5	7.7	7.8	7.6	0.38689359	-0.274792871	6.796870484	7.429342337
2/1/1981	1981.125	7.4	7.5	7.2	7.5	7.5	7.5	7.7	7.8	-0.061728298	0.38689359	7.145950848	7.777505748
3/1/1981	1981.208333	7.4	7.4	7.5	7.2	7.5	7.5	7.5	7.7	0.023994994	-0.061728298	7.060333671	7.69167634
4/1/1981	1981.291667	7.2	7.4	7.4	7.5	7.2	7.5	7.5	7.5	-0.176005006	0.023994994	7.060333671	7.69167634
5/1/1981	1981.375	7.5	7.2	7.4	7.4	7.5	7.2	7.5	7.5	0.347699871	-0.176005006	6.836524984	7.468075275
6/1/1981	1981.458333	7.5	7.5	7.2	7.4	7.4	7.5	7.2	7.5	-0.027051163	0.347699871	7.211344974	7.842757351
7/1/1981	1981.541667	7.2	7.5	7.5	7.2	7.4	7.4	7.5	7.2	-0.287857444	-0.027051163	7.17219536	7.803519528
8/1/1981	1981.625	7.4	7.2	7.5	7.5	7.2	7.4	7.4	7.5	0.234635298	-0.287857444	6.849685381	7.481044024
9/1/1981	1981.708333	7.6	7.4	7.2	7.5	7.5	7.2	7.4	7.4	0.210930421	0.234635298	7.073439698	7.70469946
10/1/1981	1981.791667	7.9	7.6	7.4	7.2	7.5	7.5	7.2	7.4	0.261096399	0.210930421	7.323096662	7.95471054
11/1/1981	1981.875	8.3	7.9	7.6	7.4	7.2	7.5	7.5	7.2	0.364732804	0.261096399	7.61935778	8.251176612
12/1/1981	1981.958333	8.5	8.3	7.9	7.6	7.4	7.2	7.5	7.5	0.117323051	0.364732804	8.06606634	8.699287557
1/1/1982	1982.041667	8.6	8.5	8.3	7.9	7.6	7.4	7.2	7.5	-0.045575544	0.117323051	8.327590153	8.963560935
2/1/1982	1982.125	8.9	8.6	8.5	8.3	7.9	7.6	7.4	7.2	0.168701164	-0.045575544	8.413583039	9.049014633
3/1/1982	1982.208333	9	8.9	8.6	8.5	8.3	7.9	7.6	7.4	-0.040727004	0.168701164	8.722555398	9.358898611
4/1/1982	1982.291667	9.3	9	8.9	8.6	8.5	8.3	7.9	7.6	0.186614277	-0.040727004	8.795740594	9.431030853
5/1/1982	1982.375	9.4	9.3	9	8.9	8.6	8.5	8.3	7.9	0.003315254	0.186614277	9.079090964	9.714278528
6/1/1982	1982.458333	9.6	9.4	9.3	9	8.9	8.6	8.5	8.3	0.117591962	0.003315254	9.16495455	9.799861526
7/1/1982	1982.541667	9.8	9.6	9.4	9.3	9	8.9	8.6	8.5	0.106951659	0.117591962	9.375231689	10.01086499
8/1/1982	1982.625	9.8	9.8	9.6	9.4	9.3	9	8.9	8.6	-0.077559498	0.106951659	9.559783811	10.19533519
9/1/1982	1982.708333	10.1	9.8	9.8	9.6	9.4	9.3	9	8.9	0.235505075	-0.077559498	9.546894984	10.18209487
10/1/1982	1982.791667	10.4	10.1	9.8	9.8	9.6	9.4	9.3	9	0.239141479	0.235505075	9.842980376	10.47873667
11/1/1982	1982.875	10.8	10.4	10.1	9.8	9.8	9.6	9.4	9.3	0.316648738	0.239141479	10.16480979	10.80189273
12/1/1982	1982.958333	10.8	10.8	10.4	10.1	9.8	9.8	9.6	9.4	-0.104631868	0.316648738	10.58519897	11.22406477
1/1/1983	1983.041667	10.4	10.8	10.8	10.4	10.1	9.8	9.8	9.6	-0.478502722	-0.104631868	10.55952797	11.19747748
2/1/1983	1983.125	10.4	10.4	10.8	10.8	10.4	10.1	9.8	9.8	-0.03109297	-0.478502722	10.11315386	10.74903208
3/1/1983	1983.208333	10.3	10.4	10.4	10.8	10.8	10.4	10.1	9.8	-0.091899251	-0.03109297	10.07411049	10.70968801
4/1/1983	1983.291667	10.2	10.3	10.4	10.4	10.8	10.8	10.4	10.1	-0.040853094	-0.091899251	9.922982582	10.55872361
5/1/1983	1983.375	10.1	10.2	10.3	10.4	10.4	10.8	10.8	10.4	0.023257636	-0.040853094	9.758107969	10.39537676
6/1/1983	1983.458333	10.1	10.1	10.2	10.3	10.4	10.4	10.8	10.8	0.135110074	0.023257636	9.646118103	10.28366175
7/1/1983	1983.541667	9.4	10.1	10.1	10.2	10.3	10.4	10.4	10.8	-0.617148218	0.135110074	9.699246434	10.33505
8/1/1983	1983.625	9.5	9.4	10.1	10.1	10.2	10.3	10.4	10.4	0.265818849	-0.617148218	8.91528184	9.553080462
9/1/1983	1983.708333	9.2	9.5	9.4	10.1	10.1	10.2	10.3	10.4	-0.159098162	0.265818849	9.040733027	9.677463297
10/1/1983	1983.791667	8.8	9.2	9.5	9.4	10.1	10.1	10.2	10.3	-0.236605421	-0.159098162	8.717915049	9.355295792
11/1/1983	1983.875	8.5	8.8	9.2	9.5	9.4	10.1	10.1	10.2	-0.102260241	-0.236605421	8.282809973	8.92171051
12/1/1983	1983.958333	8.3	8.5	8.8	9.2	9.5	9.4	10.1	10.1	0.033297073	-0.102260241	7.946142845	8.587263009
1/1/1984	1984.041667	8	8.3	8.5	8.8	9.2	9.5	9.4	10.1	-0.134450062	0.033297073	7.816209374	8.45269075
2/1/1984	1984.125	7.8	8	8.3	8.5	8.8	9.2	9.5	9.4	0.014171826	-0.134450062	7.46616426	8.105492089
3/1/1984	1984.208333	7.8	7.8	8	8.3	8.5	8.8	9.2	9.5	0.198682983	0.014171826	7.282244446	7.920389589
4/1/1984	1984.291667	7.7	7.8	7.8	8	8.3	8.5	8.8	9.2	0.046424691	0.198682983	7.336016113	7.971134506
5/1/1984	1984.375	7.4	7.7	7.8	7.8	8	8.3	8.5	8.8	-0.18091659	0.046424691	7.263998819	7.897834361
6/1/1984	1984.458333	7.2	7.4	7.7	7.8	7.8	8	8.3	8.5	-0.071488422	-0.18091659	6.954445984	7.588530859
7/1/1984	1984.541667	7.5	7.2	7.4	7.7	7.8	7.8	8	8.3	0.413022736	-0.071488422	6.770290166	7.403664363
8/1/1984	1984.625	7.5	7.5	7.2	7.4	7.7	7.8	7.8	8	0.051336275	0.413022736	7.132785196	7.764542253
9/1/1984	1984.708333	7.3	7.5	7.5	7.2	7.4	7.7	7.8	7.8	-0.148663725	0.051336275	7.132785196	7.764542253
10/1/1984	1984.791667	7.4	7.3	7.5	7.5	7.2	7.4	7.7	7.8	0.161976579	-0.148663725	6.922090338	7.553956505
11/1/1984	1984.875	7.2	7.4	7.3	7.5	7.5	7.2	7.4	7.7	-0.189069579	0.161976579	7.073439698	7.70469946
12/1/1984	1984.958333	7.3	7.2	7.4	7.3	7.5	7.5	7.2	7.4	0.108506152	-0.189069579	6.875919351	7.507068346
1/1/1985	1985.041667	7.3	7.3	7.2	7.4	7.3	7.5	7.5	7.2	0.035847433	0.108506152	6.948443542	7.579861593
2/1/1985	1985.125	7.2	7.3	7.3	7.2	7.4	7.3	7.5	7.5	-0.064152567	0.035847433	6.948443542	7.579861593
3/1/1985	1985.208333	7.2	7.2	7.3	7.3	7.2	7.4	7.3	7.5	0.021570725	-0.064152567	6.862816843	7.494041708
4/1/1985	1985.291667	7.3	7.2	7.2	7.3	7.3	7.2	7.4	7.3	0.134635298	0.021570725	6.849685381	7.481044024
5/1/1985	1985.375	7.2	7.3	7.2	7.2	7.3	7.3	7.2	7.4	-0.103346286	0.134635298	6.987756334	7.618936239
6/1/1985	1985.458333	7.4	7.2	7.3	7.2	7.2	7.3	7.3	7.2	0.221570725	-0.103346286	6.862816843	7.494041708
7/1/1985	1985.541667	7.4	7.4	7.2	7.3	7.2	7.2	7.3	7.3	-0.002134152	0.221570725	7.086516765	7.717751538
8/1/1985	1985.625	7.1	7.4	7.4	7.2	7.3	7.2	7.2	7.3	-0.315198725	-0.002134152	7.099564871	7.730832578
9/1/1985	1985.708333	7.1	7.1	7.4	7.4	7.2	7.3	7.2	7.2	0.02035859	-0.315198725	6.764053917	7.395228904
10/1/1985	1985.791667	7.1	7.1	7.1	7.4	7.4	7.2	7.3	7.2	0.033423163	0.02035859	6.750924212	7.382229462
11/1/1985	1985.875	7	7.1	7.1	7.1	7.4	7.4	7.2	7.3	-0.07964141	0.033423163	6.764053917	7.395228904
12/1/1985	1985.958333	7	7	7.1	7.1	7.1	7.4	7.4	7.2	0.058340174	-0.07964141	6.625817344	7.257502309
1/1/1986	1986.041667	6.7	7	7	7.1	7.1	7.1	7.4	7.4	-0.241659826	0.058340174	6.625817344	7.257502309
2/1/1986	1986.125	7.2	6.7	7	7	7.1	7.1	7.1	7.4	0.554703769	-0.241659826	6.329517297	6.961075165
3/1/1986	1986.208333	7.2	7.2	6.7	7	7	7.1	7.1	7.1	-0.004558421	0.554703769	6.888992895	7.520123948
4/1/1986	1986.291667	7.1	7.2	7.2	6.7	7	7	7.1	7.1	-0.104558421	-0.004558421	6.888992895	7.520123948
5/1/1986	1986.375	7.2	7.1	7.2	7.2	6.7	7	7	7.1	0.094229444	-0.104558421	6.790226447	7.421314666
6/1/1986	1986.458333	7.2	7.2	7.1	7.2	7.2	6.7	7	7	-0.017622994	0.094229444	6.902037472	7.533208516
7/1/1986	1986.541667	7	7.2	7.2	7.1	7.2	7.2	6.7	7	-0.256816713	-0.017622994	6.9409975	7.572635927
8/1/1986	1986.625	6.9	7	7.2	7.2	7.1	7.2	7.2	6.7	-0.067788972	-0.256816713	6.652160036	7.283417908
9/1/1986	1986.708333	7	6.9	7	7.2	7.2	7.1	7.2	7.2	0.144063466	-0.067788972	6.54023772	7.171635349
10/1/1986	1986.791667	7	7	6.9	7	7.2	7.2	7.1	7.2	0.019146455	0.144063466	6.665287983	7.296419108
11/1/1986	1986.875	6.9	7	7	6.9	7	7.2	7.2	7.1	-0.067788972	0.019146455	6.652160036	7.283417908
12/1/1986	1986.958333	6.6	6.9	7	7	6.9	7	7.2	7.2	-0.255936534	-0.067788972	6.54023772	7.171635349
1/1/1987	1987.041667	6.6	6.6	6.9	7	7	6.9	7	7.2	0.053491634	-0.255936534	6.2307446	6.862272132
2/1/1987	1987.125	6.6	6.6	6.6	6.9	7	7	6.9	7	0.040427061	0.053491634	6.243923384	6.875222494
3/1/1987	1987.208333	6.6	6.6	6.6	6.6	6.9	7	7	6.9	0.053491634	0.040427061	6.2307446	6.862272132
4/1/1987	1987.291667	6.3	6.6	6.6	6.6	6.6	6.9	7	7	-0.246508366	0.053491634	6.2307446	6.862272132
5/1/1987	1987.375	6.3	6.3	6.6	6.6	6.6	6.6	6.9	7	0.075984376	-0.246508366	5.907974775	6.540056473
6/1/1987	1987.458333	6.2	6.3	6.3	6.6	6.6	6.6	6.6	6.9	-0.063209343	0.075984376	5.947581964	6.578836723
7/1/1987	1987.541667	6.1	6.2	6.3	6.3	6.6	6.6	6.6	6.6	-0.051356905	-0.063209343	5.835623726	6.467090084
8/1/1987	1987.625	6	6.1	6.2	6.3	6.3	6.6	6.6	6.6	-0.039504467	-0.051356905	5.723637098	6.355371836
9/1/1987	1987.708333	5.9	6	6.1	6.2	6.3	6.3	6.6	6.6	-0.027652029	-0.039504467	5.611622116	6.243681942
10/1/1987	1987.791667	6	5.9	6	6.1	6.2	6.3	6.3	6.6	0.14500669	-0.027652029	5.539251477	6.170735143
11/1/1987	1987.875	5.8	6	5.9	6	6.1	6.2	6.3	6.3	-0.166845748	0.14500669	5.651213454	6.282478042
12/1/1987	1987.958333	5.7	5.8	6	5.9	6	6.1	6.2	6.3	-0.056205445	-0.166845748	5.44045471	6.07195618
1/1/1988	1988.041667	5.7	5.7	5.8	6	5.9	6	6.1	6.2	0.04258242	-0.056205445	5.341654934	5.973180226
2/1/1988	1988.125	5.7	5.7	5.7	5.8	6	5.9	6	6.1	0.029517847	0.04258242	5.354817856	5.98614645
3/1/1988	1988.208333	5.7	5.7	5.7	5.7	5.8	6	5.9	6	0.016453274	0.029517847	5.367951842	5.999141609
4/1/1988	1988.291667	5.4	5.7	5.7	5.7	5.7	5.8	6	5.9	-0.270482153	0.016453274	5.354817856	5.98614645
5/1/1988	1988.375	5.6	5.4	5.7	5.7	5.7	5.7	5.8	6	0.238946016	-0.270482153	5.045237558	5.67687041
6/1/1988	1988.458333	5.4	5.6	5.4	5.7	5.7	5.7	5.7	5.8	-0.197823433	0.238946016	5.282248791	5.913398076
7/1/1988	1988.541667	5.4	5.4	5.6	5.4	5.7	5.7	5.7	5.7	0.025881443	-0.197823433	5.058395177	5.689841938
8/1/1988	1988.625	5.6	5.4	5.4	5.6	5.4	5.7	5.7	5.7	0.225881443	0.025881443	5.058395177	5.689841938
9/1/1988	1988.708333	5.4	5.6	5.4	5.4	5.6	5.4	5.7	5.7	-0.197823433	0.225881443	5.282248791	5.913398076
10/1/1988	1988.791667	5.4	5.4	5.6	5.4	5.4	5.6	5.4	5.7	-0.013312276	-0.197823433	5.097694374	5.728930179
11/1/1988	1988.875	5.3	5.4	5.4	5.6	5.4	5.4	5.6	5.4	-0.08718313	-0.013312276	5.071523863	5.702842398
12/1/1988	1988.958333	5.3	5.3	5.4	5.4	5.6	5.4	5.4	5.6	-0.001459838	-0.08718313	4.98580649	5.617113187
1/1/1989	1989.041667	5.4	5.3	5.3	5.4	5.4	5.6	5.4	5.4	0.098540162	-0.001459838	4.98580649	5.617113187
2/1/1989	1989.125	5.2	5.4	5.3	5.3	5.4	5.4	5.6	5.4	-0.18718313	0.098540162	5.071523863	5.702842398
3/1/1989	1989.208333	5	5.2	5.4	5.3	5.3	5.4	5.4	5.6	-0.1896074	-0.18718313	4.87389017	5.50532463
4/1/1989	1989.291667	5.2	5	5.2	5.4	5.3	5.3	5.4	5.4	0.234097476	-0.1896074	4.649972302	5.281832746
5/1/1989	1989.375	5.2	5.2	5	5.2	5.4	5.3	5.3	5.4	-0.002671973	0.234097476	4.886986375	5.518357571
6/1/1989	1989.458333	5.3	5.2	5.2	5	5.2	5.4	5.3	5.3	0.097328027	-0.002671973	4.886986375	5.518357571
7/1/1989	1989.541667	5.2	5.3	5.2	5.2	5	5.2	5.4	5.3	-0.101459838	0.097328027	4.98580649	5.617113187
8/1/1989	1989.625	5.2	5.2	5.3	5.2	5.2	5	5.2	5.4	-0.015736546	-0.101459838	4.900053624	5.531419468
9/1/1989	1989.708333	5.3	5.2	5.2	5.3	5.2	5.2	5	5.2	0.058134308	-0.015736546	4.926101264	5.55763012
10/1/1989	1989.791667	5.3	5.3	5.2	5.2	5.3	5.2	5.2	5	-0.027588984	0.058134308	5.011915556	5.643262412
11/1/1989	1989.875	5.4	5.3	5.3	5.2	5.2	5.3	5.2	5.2	0.072411016	-0.027588984	5.011915556	5.643262412
12/1/1989	1989.958333	5.4	5.4	5.3	5.3	5.2	5.2	5.3	5.2	-0.026376849	0.072411016	5.110736187	5.742017511
1/1/1990	1990.041667	5.4	5.4	5.4	5.3	5.3	5.2	5.2	5.3	-0.039441422	-0.026376849	5.123749046	5.755133799
2/1/1990	1990.125	5.3	5.4	5.4	5.4	5.3	5.3	5.2	5.2	-0.139441422	-0.039441422	5.123749046	5.755133799
3/1/1990	1990.208333	5.2	5.3	5.4	5.4	5.4	5.3	5.3	5.2	-0.114524411	-0.139441422	4.998875502	5.63017332
4/1/1990	1990.291667	5.4	5.2	5.3	5.4	5.4	5.4	5.3	5.3	0.197328027	-0.114524411	4.886986375	5.518357571
5/1/1990	1990.375	5.4	5.4	5.2	5.3	5.4	5.4	5.4	5.3	-0.013312276	0.197328027	5.097694374	5.728930179
6/1/1990	1990.458333	5.2	5.4	5.4	5.2	5.3	5.4	5.4	5.4	-0.213312276	-0.013312276	5.097694374	5.728930179
7/1/1990	1990.541667	5.5	5.2	5.4	5.4	5.2	5.3	5.4	5.4	0.3103926	-0.213312276	4.87389017	5.50532463
8/1/1990	1990.625	5.7	5.5	5.2	5.4	5.4	5.2	5.3	5.4	0.161770713	0.3103926	5.222568428	5.853890146
9/1/1990	1990.708333	5.9	5.7	5.5	5.2	5.4	5.4	5.2	5.3	0.125001264	0.161770713	5.459078957	6.090918516
10/1/1990	1990.791667	5.9	5.9	5.7	5.5	5.2	5.4	5.4	5.2	-0.072574467	0.125001264	5.656707193	6.288441741
11/1/1990	1990.875	6.2	5.9	5.9	5.7	5.5	5.2	5.4	5.4	0.227425533	-0.072574467	5.656707193	6.288441741
12/1/1990	1990.958333	6.3	6.2	5.9	5.9	5.7	5.5	5.2	5.4	-0.034260927	0.227425533	6.017395294	6.65112656
1/1/1991	1991.041667	6.4	6.3	6.2	5.9	5.9	5.7	5.5	5.2	-0.006919646	-0.034260927	6.090580069	6.723259223
2/1/1991	1991.125	6.6	6.4	6.3	6.2	5.9	5.9	5.7	5.5	0.107357062	-0.006919646	6.176525809	6.808760067
3/1/1991	1991.208333	6.8	6.6	6.4	6.3	6.2	5.9	5.9	5.7	0.109781331	0.107357062	6.374118973	7.006318364
4/1/1991	1991.291667	6.7	6.8	6.6	6.4	6.3	6.2	5.9	5.9	-0.213923545	0.109781331	6.597399601	7.230447489
5/1/1991	1991.375	6.9	6.7	6.8	6.6	6.4	6.3	6.2	5.9	0.137122612	-0.213923545	6.447099856	7.07865492
6/1/1991	1991.458333	6.9	6.9	6.7	6.8	6.6	6.4	6.3	6.2	-0.073517691	0.137122612	6.657591486	7.289443896
7/1/1991	1991.541667	6.8	6.9	6.9	6.7	6.8	6.6	6.4	6.3	-0.160453118	-0.073517691	6.644667938	7.276238298
8/1/1991	1991.625	6.9	6.8	6.9	6.9	6.7	6.8	6.6	6.4	0.077528466	-0.160453118	6.506946562	7.137996506
9/1/1991	1991.708333	6.9	6.9	6.8	6.9	6.9	6.7	6.8	6.6	-0.008194826	0.077528466	6.59268452	7.223705132
10/1/1991	1991.791667	7	6.9	6.9	6.8	6.9	6.9	6.7	6.8	0.078740601	-0.008194826	6.605723805	7.236794993
11/1/1991	1991.875	7	7	6.9	6.9	6.8	6.9	6.9	6.7	-0.006982691	0.078740601	6.691456988	7.322508394
12/1/1991	1991.958333	7.3	7	7	6.9	6.9	6.8	6.9	6.9	0.293017309	-0.006982691	6.691456988	7.322508394
1/1/1992	1992.041667	7.3	7.3	7	7	6.9	6.9	6.8	6.9	-0.055604578	0.293017309	7.039768005	7.671441152
2/1/1992	1992.125	7.4	7.3	7.3	7	7	6.9	6.9	6.8	0.057459995	-0.055604578	7.026808495	7.658271516
3/1/1992	1992.208333	7.4	7.4	7.3	7.3	7	7	6.9	6.9	-0.054392444	0.057459995	7.138535503	7.770249384
4/1/1992	1992.291667	7.4	7.4	7.4	7.3	7.3	7	7	6.9	-0.041327871	-0.054392444	7.125574224	7.757081517
5/1/1992	1992.375	7.6	7.4	7.4	7.4	7.3	7.3	7	7	0.15867213	-0.041327871	7.125574224	7.757081517
6/1/1992	1992.458333	7.8	7.6	7.4	7.4	7.4	7.3	7.3	7	0.174160972	0.15867213	7.310102922	7.941575134
7/1/1992	1992.541667	7.7	7.8	7.6	7.4	7.4	7.4	7.3	7.3	-0.149543904	0.174160972	7.533575439	8.165512369
8/1/1992	1992.625	7.6	7.7	7.8	7.6	7.4	7.4	7.4	7.3	-0.124626893	-0.149543904	7.408857863	8.040395923
9/1/1992	1992.708333	7.6	7.6	7.7	7.8	7.6	7.4	7.4	7.4	-0.012774455	-0.124626893	7.29708024	7.92846867
10/1/1992	1992.791667	7.3	7.6	7.6	7.7	7.8	7.6	7.4	7.4	-0.312774455	-0.012774455	7.29708024	7.92846867
11/1/1992	1992.875	7.4	7.3	7.6	7.6	7.7	7.8	7.6	7.4	0.148912006	-0.312774455	6.935281393	7.566894596
12/1/1992	1992.958333	7.4	7.4	7.3	7.6	7.6	7.7	7.8	7.6	0.063188713	0.148912006	7.020841995	7.652780578
1/1/1993	1993.041667	7.3	7.4	7.4	7.3	7.6	7.6	7.7	7.8	-0.04987586	0.063188713	7.034034796	7.665716923
2/1/1993	1993.125	7.1	7.3	7.4	7.4	7.3	7.6	7.6	7.7	-0.151087995	-0.04987586	6.935281393	7.566894596
3/1/1993	1993.208333	7	7.1	7.3	7.4	7.4	7.3	7.6	7.6	-0.027383118	-0.151087995	6.711361579	7.343404658
4/1/1993	1993.291667	7.1	7	7.1	7.3	7.4	7.4	7.3	7.6	0.145275601	-0.027383118	6.639003148	7.27044565
5/1/1993	1993.375	7.1	7.1	7	7.1	7.3	7.4	7.4	7.3	0.046487736	0.145275601	6.737765569	7.369258959
6/1/1993	1993.458333	7	7.1	7.1	7	7.1	7.3	7.4	7.4	-0.053512264	0.046487736	6.737765569	7.369258959
7/1/1993	1993.541667	6.9	7	7.1	7.1	7	7.1	7.3	7.4	-0.054724399	-0.053512264	6.639003148	7.27044565
8/1/1993	1993.625	6.8	6.9	7	7.1	7.1	7	7.1	7.3	-0.069001107	-0.054724399	6.553392851	7.184609363
9/1/1993	1993.708333	6.7	6.8	6.9	7	7.1	7.1	7	7.1	-0.070213242	-0.069001107	6.454622657	7.085803826
10/1/1993	1993.791667	6.8	6.7	6.8	6.9	7	7.1	7.1	7	0.154703769	-0.070213242	6.329517297	6.961075165
11/1/1993	1993.875	6.6	6.8	6.7	6.8	6.9	7	7.1	7.1	-0.157148669	0.154703769	6.441469283	7.072828055
12/1/1993	1993.958333	6.5	6.6	6.8	6.7	6.8	6.9	7	7.1	-0.046508366	-0.157148669	6.2307446	6.862272132
1/1/1994	1994.041667	6.6	6.5	6.6	6.8	6.7	6.8	6.9	7	0.152279499	-0.046508366	6.131968894	6.763472107
2/1/1994	1994.125	6.6	6.6	6.5	6.6	6.8	6.7	6.8	6.9	0.027362488	0.152279499	6.25707324	6.888201783
3/1/1994	1994.208333	6.5	6.6	6.6	6.5	6.6	6.8	6.7	6.8	-0.085702085	0.027362488	6.270194146	6.901210023
4/1/1994	1994.291667	6.4	6.5	6.6	6.6	6.5	6.6	6.8	6.7	-0.060785074	-0.085702085	6.14514592	6.776424227
5/1/1994	1994.375	6.1	6.4	6.5	6.6	6.6	6.5	6.6	6.8	-0.275061781	-0.060785074	6.059511782	6.690611781
6/1/1994	1994.458333	6.1	6.1	6.4	6.5	6.6	6.6	6.5	6.6	0.04743096	-0.275061781	5.736835986	6.368302095
7/1/1994	1994.541667	6.1	6.1	6.1	6.4	6.5	6.6	6.6	6.5	0.060495533	0.04743096	5.723637098	6.355371836
8/1/1994	1994.625	6	6.1	6.1	6.1	6.4	6.5	6.6	6.6	-0.039504467	0.060495533	5.723637098	6.355371836
9/1/1994	1994.708333	5.9	6	6.1	6.1	6.1	6.4	6.5	6.6	-0.040716602	-0.039504467	5.624848111	6.256585093
10/1/1994	1994.791667	5.8	5.9	6	6.1	6.1	6.1	6.4	6.5	-0.041928737	-0.040716602	5.526056116	6.157801358
11/1/1994	1994.875	5.6	5.8	5.9	6	6.1	6.1	6.1	6.4	-0.169270018	-0.041928737	5.453619398	6.084920638
12/1/1994	1994.958333	5.5	5.6	5.8	5.9	6	6.1	6.1	6.1	-0.045565142	-0.169270018	5.229662087	5.861468196
1/1/1995	1995.041667	5.6	5.5	5.6	5.8	5.9	6	6.1	6.1	0.166287297	-0.045565142	5.117640894	5.749784512
2/1/1995	1995.125	5.4	5.6	5.5	5.6	5.8	5.9	6	6.1	-0.158629715	0.166287297	5.24285215	5.87440728
3/1/1995	1995.208333	5.4	5.4	5.6	5.5	5.6	5.8	5.9	6	0.052010589	-0.158629715	5.032051033	5.66392779
4/1/1995	1995.291667	5.8	5.4	5.4	5.6	5.5	5.6	5.8	5.9	0.438946016	0.052010589	5.045237558	5.67687041
5/1/1995	1995.375	5.6	5.8	5.4	5.4	5.6	5.5	5.6	5.8	-0.234592883	0.438946016	5.519008531	6.150177234
6/1/1995	1995.458333	5.6	5.6	5.8	5.4	5.4	5.6	5.5	5.6	-0.023952579	-0.234592883	5.308368429	5.93953673
7/1/1995	1995.541667	5.7	5.6	5.6	5.8	5.4	5.4	5.6	5.5	0.089111994	-0.023952579	5.295323093	5.92645292
8/1/1995	1995.625	5.7	5.7	5.6	5.6	5.8	5.4	5.4	5.6	-0.048869591	0.089111994	5.433187354	6.064551827
9/1/1995	1995.708333	5.6	5.7	5.7	5.6	5.6	5.8	5.4	5.4	-0.148869591	-0.048869591	5.433187354	6.064551827
10/1/1995	1995.791667	5.5	5.6	5.7	5.7	5.6	5.6	5.8	5.4	-0.08475886	-0.148869591	5.269145524	5.900372197
11/1/1995	1995.875	5.6	5.5	5.6	5.7	5.7	5.6	5.6	5.8	0.100964432	-0.08475886	5.183437699	5.814633438
12/1/1995	1995.958333	5.6	5.6	5.5	5.6	5.7	5.7	5.6	5.6	-0.010888006	0.100964432	5.295323093	5.92645292
1/1/1996	1996.041667	5.6	5.6	5.6	5.5	5.6	5.7	5.7	5.6	0.002176567	-0.010888006	5.282248791	5.913398076
2/1/1996	1996.125	5.5	5.6	5.6	5.6	5.5	5.6	5.7	5.7	-0.097823433	0.002176567	5.282248791	5.913398076
3/1/1996	1996.208333	5.5	5.5	5.6	5.6	5.6	5.5	5.6	5.7	0.000964432	-0.097823433	5.183437699	5.814633438
4/1/1996	1996.291667	5.6	5.5	5.5	5.6	5.6	5.6	5.5	5.6	0.087899859	0.000964432	5.196510238	5.827690045
5/1/1996	1996.375	5.6	5.6	5.5	5.5	5.6	5.6	5.6	5.5	-0.010888006	0.087899859	5.295323093	5.92645292
6/1/1996	1996.458333	5.3	5.6	5.6	5.5	5.5	5.6	5.6	5.6	-0.310888006	-0.010888006	5.295323093	5.92645292
7/1/1996	1996.541667	5.5	5.3	5.6	5.6	5.5	5.5	5.6	5.6	0.224669308	-0.310888006	4.959581602	5.591079783
8/1/1996	1996.625	5.1	5.5	5.3	5.6	5.6	5.5	5.5	5.6	-0.412100141	0.224669308	5.196510238	5.827690045
9/1/1996	1996.708333	5.2	5.1	5.5	5.3	5.6	5.6	5.5	5.5	0.135309611	-0.412100141	4.748793123	5.380587655
10/1/1996	1996.791667	5.2	5.2	5.1	5.5	5.3	5.6	5.6	5.5	0.036521746	0.135309611	4.84761094	5.479345568
11/1/1996	1996.875	5.4	5.2	5.2	5.1	5.5	5.3	5.6	5.6	0.236521746	0.036521746	4.84761094	5.479345568
12/1/1996	1996.958333	5.4	5.4	5.2	5.2	5.1	5.5	5.3	5.6	-0.026376849	0.236521746	5.110736187	5.742017511
1/1/1997	1997.041667	5.3	5.4	5.4	5.2	5.2	5.1	5.5	5.3	-0.100247703	-0.026376849	5.084623598	5.715871809
2/1/1997	1997.125	5.2	5.3	5.4	5.4	5.2	5.2	5.1	5.5	-0.140653557	-0.100247703	5.024926658	5.656380457
3/1/1997	1997.208333	5.2	5.2	5.3	5.4	5.4	5.2	5.2	5.1	-0.015736546	-0.140653557	4.900053624	5.531419468
4/1/1997	1997.291667	5.1	5.2	5.2	5.3	5.4	5.4	5.2	5.2	-0.115736546	-0.015736546	4.900053624	5.531419468
5/1/1997	1997.375	4.9	5.1	5.2	5.2	5.3	5.4	5.4	5.2	-0.177754962	-0.115736546	4.761945433	5.393564491
6/1/1997	1997.458333	5	4.9	5.1	5.2	5.2	5.3	5.4	5.4	0.145949914	-0.177754962	4.53797081	5.170129362
7/1/1997	1997.541667	4.9	5	4.9	5.1	5.2	5.2	5.3	5.4	-0.078967097	0.145949914	4.663122841	5.294811353
8/1/1997	1997.625	4.8	4.9	5	4.9	5.1	5.2	5.2	5.3	-0.080179232	-0.078967097	4.564297245	5.196061219
9/1/1997	1997.708333	4.9	4.8	4.9	5	4.9	5.1	5.2	5.2	0.131673206	-0.080179232	4.45232165	5.084331938
10/1/1997	1997.791667	4.7	4.9	4.8	4.9	5	4.9	5.1	5.2	-0.193243805	0.131673206	4.57741709	5.209070519
11/1/1997	1997.875	4.6	4.7	4.9	4.8	4.9	5	4.9	5.1	-0.095668074	-0.193243805	4.379753354	5.011582795
12/1/1997	1997.958333	4.7	4.6	4.7	4.9	4.8	4.9	5	4.9	0.129248937	-0.095668074	4.254658992	4.886843135
1/1/1998	1998.041667	4.6	4.7	4.6	4.7	4.9	4.8	4.9	5	-0.095668074	0.129248937	4.379753354	5.011582795
2/1/1998	1998.125	4.6	4.6	4.7	4.6	4.7	4.9	4.8	4.9	0.003119791	-0.095668074	4.280916985	4.912843434
3/1/1998	1998.208333	4.7	4.6	4.6	4.7	4.6	4.7	4.9	4.8	0.116184364	0.003119791	4.267802445	4.899828828
4/1/1998	1998.291667	4.3	4.7	4.6	4.6	4.7	4.6	4.7	4.9	-0.42179722	0.116184364	4.405899174	5.037695267
5/1/1998	1998.375	4.4	4.3	4.7	4.6	4.6	4.7	4.6	4.7	0.112547959	-0.42179722	3.971280654	4.603623428
6/1/1998	1998.458333	4.5	4.4	4.3	4.7	4.6	4.6	4.7	4.6	0.113760094	0.112547959	4.070124247	4.702355565
7/1/1998	1998.541667	4.5	4.5	4.4	4.3	4.7	4.6	4.6	4.7	-0.011156917	0.113760094	4.195161466	4.827152368
8/1/1998	1998.625	4.5	4.5	4.5	4.4	4.3	4.7	4.6	4.6	-0.011156917	-0.011156917	4.195161466	4.827152368
9/1/1998	1998.708333	4.6	4.5	4.5	4.5	4.4	4.3	4.7	4.6	0.101907656	-0.011156917	4.182077617	4.814107072
10/1/1998	1998.791667	4.5	4.6	4.5	4.5	4.5	4.4	4.3	4.7	-0.162203074	0.101907656	4.346055795	4.978350354
11/1/1998	1998.875	4.4	4.5	4.6	4.5	4.5	4.5	4.4	4.3	-0.137286063	-0.162203074	4.221242387	4.85332974
12/1/1998	1998.958333	4.4	4.4	4.5	4.6	4.5	4.5	4.5	4.4	-0.012369052	-0.137286063	4.096317337	4.728420767
1/1/1999	1999.041667	4.3	4.4	4.4	4.5	4.6	4.5	4.5	4.5	-0.112369052	-0.012369052	4.096317337	4.728420767
2/1/1999	1999.125	4.4	4.3	4.4	4.4	4.5	4.6	4.5	4.5	0.099483386	-0.112369052	3.984389889	4.616643339
3/1/1999	1999.208333	4.2	4.4	4.3	4.4	4.4	4.5	4.6	4.5	-0.199304479	0.099483386	4.083235251	4.715373707
4/1/1999	1999.291667	4.3	4.2	4.4	4.3	4.4	4.4	4.5	4.6	0.111335824	-0.199304479	3.872434066	4.504894286
5/1/1999	1999.375	4.2	4.3	4.2	4.4	4.3	4.4	4.4	4.5	-0.113581187	0.111335824	3.997470212	4.629692162
6/1/1999	1999.458333	4.3	4.2	4.3	4.2	4.4	4.3	4.4	4.4	0.098271251	-0.113581187	3.885541533	4.517915965
7/1/1999	1999.541667	4.3	4.3	4.2	4.3	4.2	4.4	4.3	4.4	-0.02664576	0.098271251	4.010521618	4.642769902
8/1/1999	1999.625	4.2	4.3	4.3	4.2	4.3	4.2	4.4	4.3	-0.113581187	-0.02664576	3.997470212	4.629692162
9/1/1999	1999.708333	4.2	4.2	4.3	4.3	4.2	4.3	4.2	4.4	-0.027857895	-0.113581187	3.911669743	4.544046047
10/1/1999	1999.791667	4.1	4.2	4.2	4.3	4.3	4.2	4.3	4.2	-0.114793322	-0.027857895	3.898620093	4.53096655
11/1/1999	1999.875	4.1	4.1	4.2	4.2	4.3	4.3	4.2	4.3	-0.016005457	-0.114793322	3.799766983	4.432243931
12/1/1999	1999.958333	4	4.1	4.1	4.2	4.2	4.3	4.3	4.2	-0.102940884	-0.016005457	3.786690185	4.419191583
1/1/2000	2000.041667	4	4	4.1	4.1	4.2	4.2	4.3	4.3	0.008911554	-0.102940884	3.674731913	4.307444978
2/1/2000	2000.125	4.1	4	4	4.1	4.1	4.2	4.2	4.3	0.095846981	0.008911554	3.687835845	4.320470192
3/1/2000	2000.208333	4	4.1	4	4	4.1	4.1	4.2	4.2	-0.116005457	0.095846981	3.799766983	4.432243931
4/1/2000	2000.291667	3.8	4	4.1	4	4	4.1	4.1	4.2	-0.217217592	-0.116005457	3.700910882	4.333524301
5/1/2000	2000.375	4	3.8	4	4.1	4	4	4.1	4.1	0.206487285	-0.217217592	3.477017803	4.110007628
6/1/2000	2000.458333	4	4	3.8	4	4.1	4	4	4.1	-0.030282165	0.206487285	3.71395702	4.34660731
7/1/2000	2000.541667	4	4	4	3.8	4	4.1	4	4	-0.030282165	-0.030282165	3.71395702	4.34660731
8/1/2000	2000.625	4.1	4	4	4	3.8	4	4.1	4	0.082782408	-0.030282165	3.700910882	4.333524301
9/1/2000	2000.708333	3.9	4.1	4	4	4	3.8	4	4.1	-0.242134603	0.082782408	3.825833868	4.458435337
10/1/2000	2000.791667	3.9	3.9	4.1	4	4	4	3.8	4	-0.044558872	-0.242134603	3.628111673	4.261006072
11/1/2000	2000.875	3.9	3.9	3.9	4.1	4	4	4	3.8	-0.018429726	-0.044558872	3.602051793	4.23480766
12/1/2000	2000.958333	3.9	3.9	3.9	3.9	4.1	4	4	4	-0.018429726	-0.018429726	3.602051793	4.23480766
1/1/2001	2001.041667	4.2	3.9	3.9	3.9	3.9	4.1	4	4	0.281570274	-0.018429726	3.602051793	4.23480766
2/1/2001	2001.125	4.2	4.2	3.9	3.9	3.9	3.9	4.1	4	-0.040922468	0.281570274	3.924690485	4.557154451
3/1/2001	2001.208333	4.3	4.2	4.2	3.9	3.9	3.9	3.9	4.1	0.032948386	-0.040922468	3.950645304	4.583457923
4/1/2001	2001.291667	4.4	4.3	4.2	4.2	3.9	3.9	3.9	3.9	0.021095948	0.032948386	4.062438267	4.695369837
5/1/2001	2001.375	4.3	4.4	4.3	4.2	4.2	3.9	3.9	3.9	-0.19075649	0.021095948	4.174202876	4.807310104
6/1/2001	2001.458333	4.5	4.3	4.4	4.3	4.2	4.2	3.9	3.9	0.121095948	-0.19075649	4.062438267	4.695369837
7/1/2001	2001.541667	4.6	4.5	4.3	4.4	4.3	4.2	4.2	3.9	0.036584791	0.121095948	4.247207659	4.879622759
8/1/2001	2001.625	4.9	4.6	4.5	4.3	4.4	4.3	4.2	4.2	0.224732353	0.036584791	4.35899685	4.991538445
9/1/2001	2001.708333	5	4.9	4.6	4.5	4.3	4.4	4.3	4.2	0.002239611	0.224732353	4.681334499	5.314186278
10/1/2001	2001.791667	5.3	5	4.9	4.6	4.5	4.3	4.4	4.3	0.203451746	0.002239611	4.780175857	5.412920651
11/1/2001	2001.875	5.5	5.3	5	4.9	4.6	4.5	4.3	4.4	0.054829859	0.203451746	5.127976622	5.76236366
12/1/2001	2001.958333	5.7	5.5	5.3	5	4.9	4.6	4.5	4.3	0.057254129	0.054829859	5.325646159	5.959845584
1/1/2002	2002.041667	5.7	5.7	5.5	5.3	5	4.9	4.6	4.5	-0.153386174	0.057254129	5.536062714	6.170709635
2/1/2002	2002.125	5.7	5.7	5.7	5.5	5.3	5	4.9	4.6	-0.114192456	-0.153386174	5.497700002	6.130684909
3/1/2002	2002.208333	5.7	5.7	5.7	5.7	5.5	5.3	5	4.9	-0.101127883	-0.114192456	5.484855107	6.117400659
4/1/2002	2002.291667	5.9	5.7	5.7	5.7	5.7	5.5	5.3	5	0.138065836	-0.101127883	5.446147606	6.077720721
5/1/2002	2002.375	5.8	5.9	5.7	5.7	5.7	5.7	5.5	5.3	-0.159509894	0.138065836	5.643772341	6.275247447
6/1/2002	2002.458333	5.8	5.8	5.9	5.7	5.7	5.7	5.7	5.5	-0.02152831	-0.159509894	5.505988637	6.137067982
7/1/2002	2002.541667	5.8	5.8	5.8	5.9	5.7	5.7	5.7	5.7	-0.02152831	-0.02152831	5.505988637	6.137067982
8/1/2002	2002.625	5.7	5.8	5.8	5.8	5.9	5.7	5.7	5.7	-0.12152831	-0.02152831	5.505988637	6.137067982
9/1/2002	2002.708333	5.7	5.7	5.8	5.8	5.8	5.9	5.7	5.7	-0.009675872	-0.12152831	5.39413294	6.025218803
10/1/2002	2002.791667	5.7	5.7	5.7	5.8	5.8	5.8	5.9	5.7	0.016453274	-0.009675872	5.367951842	5.999141609
11/1/2002	2002.875	5.9	5.7	5.7	5.7	5.8	5.8	5.8	5.9	0.203388701	0.016453274	5.381056874	6.012165723
12/1/2002	2002.958333	6	5.9	5.7	5.7	5.7	5.8	5.8	5.8	0.079683825	0.203388701	5.604794227	6.235838123
1/1/2003	2003.041667	5.8	6	5.9	5.7	5.7	5.7	5.8	5.8	-0.232168613	0.079683825	5.716620222	6.347717004
2/1/2003	2003.125	5.9	5.8	6	5.9	5.7	5.7	5.7	5.8	0.07847169	-0.232168613	5.505988637	6.137067982
3/1/2003	2003.208333	5.9	5.9	5.8	6	5.9	5.7	5.7	5.7	-0.033380748	0.07847169	5.617815881	6.248945614
4/1/2003	2003.291667	6	5.9	5.9	5.8	6	5.9	5.7	5.7	0.066619252	-0.033380748	5.617815881	6.248945614
5/1/2003	2003.375	6.1	6	5.9	5.9	5.8	6	5.9	5.7	0.08089596	0.066619252	5.703596807	6.334611273
6/1/2003	2003.458333	6.3	6.1	6	5.9	5.9	5.8	6	5.9	0.182108095	0.08089596	5.802396376	6.433387435
7/1/2003	2003.541667	6.2	6.3	6.1	6	5.9	5.9	5.8	6	-0.167725927	0.182108095	6.051927588	6.683524267
8/1/2003	2003.625	6.1	6.2	6.3	6.1	6	5.9	5.9	5.8	-0.142808916	-0.167725927	5.92721785	6.558399983
9/1/2003	2003.708333	6.1	6.1	6.2	6.3	6.1	6	5.9	5.9	-0.030956478	-0.142808916	5.815421553	6.446491404
10/1/2003	2003.791667	6	6.1	6.1	6.2	6.3	6.1	6	5.9	-0.117891905	-0.030956478	5.802396376	6.433387435
11/1/2003	2003.875	5.8	6	6.1	6.1	6.2	6.3	6.1	6	-0.192974894	-0.117891905	5.677463063	6.308486725
12/1/2003	2003.958333	5.7	5.8	6	6.1	6.1	6.2	6.3	6.1	-0.043140872	-0.192974894	5.427261114	6.05902063
1/1/2004	2004.041667	5.7	5.7	5.8	6	6.1	6.1	6.2	6.3	0.055646993	-0.043140872	5.328463104	5.96024291
2/1/2004	2004.125	5.6	5.7	5.7	5.8	6	6.1	6.1	6.2	-0.05741758	0.055646993	5.341654934	5.973180226
3/1/2004	2004.208333	5.8	5.6	5.7	5.7	5.8	6	6.1	6.1	0.254434859	-0.05741758	5.229662087	5.861468196
4/1/2004	2004.291667	5.6	5.8	5.6	5.7	5.7	5.8	6	6.1	-0.182334591	0.254434859	5.46675515	6.097914031
5/1/2004	2004.375	5.6	5.6	5.8	5.6	5.7	5.7	5.8	6	0.01524114	-0.182334591	5.269145524	5.900372197
6/1/2004	2004.458333	5.6	5.6	5.6	5.8	5.6	5.7	5.7	5.8	0.002176567	0.01524114	5.282248791	5.913398076
7/1/2004	2004.541667	5.5	5.6	5.6	5.6	5.8	5.6	5.7	5.7	-0.097823433	0.002176567	5.282248791	5.913398076
8/1/2004	2004.625	5.4	5.5	5.6	5.6	5.6	5.8	5.6	5.7	-0.099035568	-0.097823433	5.183437699	5.814633438
9/1/2004	2004.708333	5.4	5.4	5.5	5.6	5.6	5.6	5.8	5.6	0.038946016	-0.099035568	5.045237558	5.67687041
10/1/2004	2004.791667	5.5	5.4	5.4	5.5	5.6	5.6	5.6	5.8	0.11281687	0.038946016	5.071523863	5.702842398
11/1/2004	2004.875	5.4	5.5	5.4	5.4	5.5	5.6	5.6	5.6	-0.099035568	0.11281687	5.183437699	5.814633438
12/1/2004	2004.958333	5.4	5.4	5.5	5.4	5.4	5.5	5.6	5.6	0.01281687	-0.099035568	5.071523863	5.702842398
1/1/2005	2005.041667	5.3	5.4	5.4	5.5	5.4	5.4	5.5	5.6	-0.100247703	0.01281687	5.084623598	5.715871809
2/1/2005	2005.125	5.4	5.3	5.4	5.4	5.5	5.4	5.4	5.5	0.098540162	-0.100247703	4.98580649	5.617113187
3/1/2005	2005.208333	5.2	5.4	5.3	5.4	5.4	5.5	5.4	5.4	-0.213312276	0.098540162	5.097694374	5.728930179
4/1/2005	2005.291667	5.2	5.2	5.4	5.3	5.4	5.4	5.5	5.4	0.023457173	-0.213312276	4.86076502	5.492320634
5/1/2005	2005.375	5.1	5.2	5.2	5.4	5.3	5.4	5.4	5.5	-0.0896074	0.023457173	4.87389017	5.50532463
6/1/2005	2005.458333	5	5.1	5.2	5.2	5.4	5.3	5.4	5.4	-0.077754962	-0.0896074	4.761945433	5.393564491
7/1/2005	2005.541667	5	5	5.1	5.2	5.2	5.4	5.3	5.4	0.021032903	-0.077754962	4.663122841	5.294811353
8/1/2005	2005.625	4.9	5	5	5.1	5.2	5.2	5.4	5.3	-0.065902524	0.021032903	4.649972302	5.281832746
9/1/2005	2005.708333	5	4.9	5	5	5.1	5.2	5.2	5.4	0.119820768	-0.065902524	4.564297245	5.196061219
10/1/2005	2005.791667	5	5	4.9	5	5	5.1	5.2	5.2	0.00796833	0.119820768	4.676244455	5.307818885
11/1/2005	2005.875	5	5	5	4.9	5	5	5.1	5.2	-0.005096243	0.00796833	4.689337128	5.320855358
12/1/2005	2005.958333	4.9	5	5	5	4.9	5	5	5.1	-0.118160816	-0.005096243	4.702400853	5.333920779
1/1/2006	2006.041667	4.7	4.9	5	5	5	4.9	5	5	-0.206308378	-0.118160816	4.590507998	5.222108757
2/1/2006	2006.125	4.8	4.7	4.9	5	5	5	4.9	5	0.104331926	-0.206308378	4.379753354	5.011582795
3/1/2006	2006.208333	4.7	4.8	4.7	4.9	5	5	5	4.9	-0.09445594	0.104331926	4.478586723	5.110325156
4/1/2006	2006.291667	4.7	4.7	4.8	4.7	4.9	5	5	5	0.017396499	-0.09445594	4.366637045	4.998569958
5/1/2006	2006.375	4.6	4.7	4.7	4.8	4.7	4.9	5	5	-0.082603501	0.017396499	4.366637045	4.998569958
6/1/2006	2006.458333	4.6	4.6	4.7	4.7	4.8	4.7	4.9	5	0.016184364	-0.082603501	4.267802445	4.899828828
7/1/2006	2006.541667	4.7	4.6	4.6	4.7	4.7	4.8	4.7	4.9	0.090055218	0.016184364	4.294002598	4.925886966
8/1/2006	2006.625	4.7	4.7	4.6	4.6	4.7	4.7	4.8	4.7	-0.008732647	0.090055218	4.392840732	5.024624563
9/1/2006	2006.708333	4.5	4.7	4.7	4.6	4.6	4.7	4.7	4.8	-0.22179722	-0.008732647	4.405899174	5.037695267
10/1/2006	2006.791667	4.4	4.5	4.7	4.7	4.6	4.6	4.7	4.7	-0.098092344	-0.22179722	4.182077617	4.814107072
11/1/2006	2006.875	4.5	4.4	4.5	4.7	4.7	4.6	4.6	4.7	0.100695521	-0.098092344	4.083235251	4.715373707
12/1/2006	2006.958333	4.4	4.5	4.4	4.5	4.7	4.7	4.6	4.6	-0.111156917	0.100695521	4.195161466	4.827152368
1/1/2007	2007.041667	4.6	4.4	4.5	4.4	4.5	4.7	4.7	4.6	0.213760094	-0.111156917	4.070124247	4.702355565
2/1/2007	2007.125	4.5	4.6	4.4	4.5	4.4	4.5	4.7	4.7	-0.109944782	0.213760094	4.294002598	4.925886966
3/1/2007	2007.208333	4.4	4.5	4.6	4.4	4.5	4.4	4.5	4.7	-0.12422149	-0.109944782	4.208216389	4.840226592
4/1/2007	2007.291667	4.5	4.4	4.5	4.6	4.4	4.5	4.4	4.5	0.074566375	-0.12422149	4.109370501	4.741496749
5/1/2007	2007.375	4.4	4.5	4.4	4.5	4.6	4.4	4.5	4.4	-0.12422149	0.074566375	4.208216389	4.840226592
6/1/2007	2007.458333	4.6	4.4	4.5	4.4	4.5	4.6	4.4	4.5	0.174566375	-0.12422149	4.109370501	4.741496749
7/1/2007	2007.541667	4.7	4.6	4.4	4.5	4.4	4.5	4.6	4.4	0.076990645	0.174566375	4.30705928	4.93895943
8/1/2007	2007.625	4.6	4.7	4.6	4.4	4.5	4.4	4.5	4.6	-0.147926366	0.076990645	4.431929262	5.063923471
9/1/2007	2007.708333	4.7	4.6	4.7	4.6	4.4	4.5	4.4	4.5	0.050861499	-0.147926366	4.333085864	4.965191138
10/1/2007	2007.791667	4.7	4.7	4.6	4.7	4.6	4.4	4.5	4.4	-0.047926366	0.050861499	4.431929262	5.063923471
11/1/2007	2007.875	4.7	4.7	4.7	4.6	4.7	4.6	4.4	4.5	-0.060990939	-0.047926366	4.444900936	5.077080943
12/1/2007	2007.958333	5	4.7	4.7	4.7	4.6	4.7	4.6	4.4	0.265138207	-0.060990939	4.418928681	5.050794906
1/1/2008	2008.041667	5	5	4.7	4.7	4.7	4.6	4.7	4.6	-0.057354535	0.265138207	4.74141838	5.37329069
2/1/2008	2008.125	4.9	5	5	4.7	4.7	4.7	4.6	4.7	-0.170419108	-0.057354535	4.754366393	5.386471822
3/1/2008	2008.208333	5.1	4.9	5	5	4.7	4.7	4.7	4.6	0.154497903	-0.170419108	4.629607065	5.261397128
4/1/2008	2008.291667	5	5.1	4.9	5	5	4.7	4.7	4.7	-0.169206973	0.154497903	4.853201286	5.485212659
5/1/2008	2008.375	5.4	5	5.1	4.9	5	5	4.7	4.7	0.342645465	-0.169206973	4.74141838	5.37329069
6/1/2008	2008.458333	5.6	5.4	5	5.1	4.9	5	5	4.7	0.134429432	0.342645465	5.149687962	5.781453175
7/1/2008	2008.541667	5.8	5.6	5.4	5	5.1	4.9	5	5	0.110724556	0.134429432	5.373161073	6.005389816
8/1/2008	2008.625	6.1	5.8	5.6	5.4	5	5.1	4.9	5	0.173955106	0.110724556	5.609338765	6.242751022
9/1/2008	2008.708333	6.1	6.1	5.8	5.6	5.4	5	5.1	4.9	-0.135473062	0.173955106	5.918582972	6.552363152
10/1/2008	2008.791667	6.5	6.1	6.1	5.8	5.6	5.4	5	5.1	0.251462365	-0.135473062	5.931348845	6.565726425
11/1/2008	2008.875	6.8	6.5	6.1	6.1	5.8	5.6	5.4	5	0.156310905	0.251462365	6.326587091	6.9607911
12/1/2008	2008.958333	7.3	6.8	6.5	6.1	6.1	5.8	5.6	5.4	0.346882736	0.156310905	6.635733837	7.270500691
1/1/2009	2009.041667	7.8	7.3	6.8	6.5	6.1	6.1	5.8	5.6	0.313749692	0.346882736	7.167782409	7.804718207
2/1/2009	2009.125	8.3	7.8	7.3	6.8	6.5	6.1	6.1	5.8	0.29368122	0.313749692	7.686957592	8.325679968
3/1/2009	2009.208333	8.7	8.3	7.8	7.3	6.8	6.5	6.1	6.1	0.13441903	0.29368122	8.243551566	8.887610375
4/1/2009	2009.291667	8.9	8.7	8.3	7.8	7.3	6.8	6.5	6.1	-0.060732431	0.13441903	8.638604908	9.282859954
5/1/2009	2009.375	9.4	8.9	8.7	8.3	7.8	7.3	6.8	6.5	0.254756412	-0.060732431	8.823607464	9.466879712
6/1/2009	2009.458333	9.5	9.4	8.9	8.7	8.3	7.8	7.3	6.8	-0.139182914	0.254756412	9.317319404	9.961046423
7/1/2009	2009.541667	9.5	9.5	9.4	8.9	8.7	8.3	7.8	7.3	-0.185712487	-0.139182914	9.365707458	10.00571752
8/1/2009	2009.625	9.6	9.5	9.5	9.4	8.9	8.7	8.3	7.8	-0.020389622	-0.185712487	9.302144847	9.938634397
9/1/2009	2009.708333	9.8	9.6	9.5	9.5	9.4	8.9	8.7	8.3	0.120016232	-0.020389622	9.362375122	9.997592414
10/1/2009	2009.791667	10	9.8	9.6	9.5	9.5	9.4	8.9	8.7	0.122440502	0.120016232	9.559783811	10.19533519
11/1/2009	2009.875	9.9	10	9.8	9.6	9.5	9.5	9.4	8.9	-0.13594151	0.122440502	9.718417257	10.35346576
12/1/2009	2009.958333	9.9	9.9	10	9.8	9.6	9.5	9.5	9.4	-0.011024498	-0.13594151	9.593743289	10.22830571
1/1/2010	2010.041667	9.7	9.9	9.9	10	9.8	9.6	9.5	9.5	-0.211024498	-0.011024498	9.593743289	10.22830571
2/1/2010	2010.125	9.8	9.7	9.9	9.9	10	9.8	9.6	9.5	0.125744951	-0.211024498	9.357179271	9.991330828
3/1/2010	2010.208333	9.8	9.8	9.7	9.9	9.9	10	9.8	9.6	0.040021659	0.125744951	9.442748833	10.07720785
4/1/2010	2010.291667	9.9	9.8	9.8	9.7	9.9	9.9	10	9.8	0.166150805	0.040021659	9.416424255	10.05127414
5/1/2010	2010.375	9.6	9.9	9.8	9.8	9.7	9.9	9.9	10	-0.258766207	0.166150805	9.541432796	10.17609962
6/1/2010	2010.458333	9.4	9.6	9.9	9.8	9.8	9.7	9.9	9.9	-0.123208892	-0.258766207	9.205852324	9.84056546
7/1/2010	2010.541667	9.5	9.4	9.6	9.9	9.8	9.8	9.7	9.9	0.174366838	-0.123208892	9.008473973	9.642792351
8/1/2010	2010.625	9.6	9.5	9.4	9.6	9.9	9.8	9.8	9.7	0.175578973	0.174366838	9.10716463	9.741677424
9/1/2010	2010.708333	9.5	9.6	9.5	9.4	9.6	9.9	9.8	9.8	-0.036273465	0.175578973	9.219054333	9.853492597
10/1/2010	2010.791667	9.5	9.5	9.6	9.5	9.4	9.6	9.9	9.8	0.088643546	-0.036273465	9.093935591	9.728777317
11/1/2010	2010.875	9.8	9.5	9.5	9.6	9.5	9.4	9.6	9.9	0.349449827	0.088643546	9.133536449	9.767563898
12/1/2010	2010.958333	9.4	9.8	9.5	9.5	9.6	9.5	9.4	9.6	-0.412236633	0.349449827	9.495052327	10.12942094
1/1/2011	2011.041667	9.1	9.4	9.8	9.5	9.5	9.6	9.5	9.4	-0.251762308	-0.412236633	9.034842354	9.668682262
2/1/2011	2011.125	9	9.1	9.4	9.8	9.5	9.5	9.6	9.5	-0.003140421	-0.251762308	8.685911026	9.320369815
3/1/2011	2011.208333	8.9	9	9.1	9.4	9.8	9.5	9.5	9.6	-0.004352556	-0.003140421	8.587211902	9.221493209
4/1/2011	2011.291667	9	8.9	9	9.1	9.4	9.8	9.5	9.5	0.207499883	-0.004352556	8.475233557	9.109766678
5/1/2011	2011.375	9	9	8.9	9	9.1	9.4	9.8	9.5	0.134841164	0.207499883	8.54729221	9.183025463
6/1/2011	2011.458333	9.1	9	9	8.9	9	9.1	9.4	9.8	0.182582872	0.134841164	8.60046115	9.234373107
7/1/2011	2011.541667	9.1	9.1	9	9	8.9	9	9.1	9.4	0.031536714	0.182582872	8.751878008	9.385048564
8/1/2011	2011.625	9.1	9.1	9.1	9	9	8.9	9	9.1	0.018472141	0.031536714	8.764984916	9.398070801
9/1/2011	2011.708333	9	9.1	9.1	9.1	9	9	8.9	9	-0.094592432	0.018472141	8.778062949	9.411121914
10/1/2011	2011.791667	8.9	9	9.1	9.1	9.1	9	9	8.9	-0.06967542	-0.094592432	8.653170275	9.286180566
11/1/2011	2011.875	8.7	8.9	9	9.1	9.1	9.1	9	9	-0.157822982	-0.06967542	8.54132727	9.174318695
12/1/2011	2011.958333	8.5	8.7	8.9	9	9.1	9.1	9.1	9	-0.121053533	-0.157822982	8.304340815	8.937766252
