Date	Enron Price	Split Price	Market Cap ($M)	Return on Enron	Percentage Change, Enron	Return on Whole Market	Percentage Change, Whole Market	Shares (000)
1986.25	37.5	37.5	1675	0.01	0.67	-0.007901784	-0.7901784	44662
1986.33	41.38	41.375	1848	0.12	11.99	0.05080497	5.080497	44662
1986.42	44	44	1965	0.06	6.34	0.01423685	1.423685	44662
1986.5	40	40	1786	-0.09	-9.09	-0.05969638	-5.969638	44662
1986.58	49.88	49.875	2228	0.26	26.24	0.06618008	6.618008	44662
1986.67	46.5	46.5	2096	-0.07	-6.77	-0.07901871	-7.901871	45082
1986.75	40.13	40.125	1809	-0.14	-13.71	0.04931133	4.931133	45082
1986.83	41.25	41.25	1860	0.04	4.35	0.0150753	1.50753	45082
1986.92	39.5	39.5	1754	-0.04	-4.24	-0.02638599	-2.638599	44402
1987	44.88	44.875	1993	0.14	13.61	0.1284803	12.84803	44402
1987.08	44.38	44.375	1970	0	0.27	0.04790082	4.790082	44402
1987.17	46.5	46.5	2065	0.05	4.79	0.02364336	2.364336	44402
1987.25	47.88	47.875	2126	0.03	2.96	-0.01700714	-1.700714	44402
1987.33	47.13	47.125	2092	0	-0.27	0.00512505	0.512505	44402
1987.42	46.38	46.375	2059	-0.02	-1.59	0.04369069	4.369069	44402
1987.5	49.38	49.375	2192	0.06	6.47	0.04422507	4.422507	44402
1987.58	50.88	50.875	2259	0.04	4.29	0.03712485	3.712485	44402
1987.67	48.88	48.875	2171	-0.04	-3.93	-0.02078805	-2.078805	44428
1987.75	35.13	35.125	1561	-0.28	-28.13	-0.2253366	-22.53366	44428
1987.83	35.13	35.125	1561	0	0	-0.07228604	-7.228604	44428
1987.92	39.13	39.125	1824	0.13	13.15	0.07032319	7.032319	46629
1988	37.5	37.5	1749	-0.04	-4.15	0.0448808	4.48808	46629
1988.08	37.88	37.875	1766	0.03	2.65	0.05169161	5.169161	46629
1988.17	36.63	36.625	1708	-0.03	-3.3	-0.01659891	-1.659891	46629
1988.25	42.25	42.25	1970	0.15	15.36	0.01099787	1.099787	46629
1988.33	42.25	42.25	1970	0.01	1.47	0.000438219	0.0438219	46629
1988.42	40.88	40.875	1915	-0.03	-3.25	0.05145916	5.145916	46844
1988.5	39.25	39.25	1839	-0.04	-3.98	-0.00727442	-0.727442	46844
1988.58	38.75	38.75	1815	0	0.31	-0.02800561	-2.800561	46844
1988.67	37.25	37.25	1778	-0.04	-3.87	0.03720704	3.720704	47744
1988.75	39.13	39.125	1868	0.05	5.03	0.01763632	1.763632	47744
1988.83	37.5	37.5	1790	-0.03	-2.57	-0.01642017	-1.642017	47744
1988.92	36.63	36.625	1736	-0.02	-2.33	0.02107135	2.107135	47406
1989	36.63	36.625	1736	0	0	0.06610351	6.610351	47406
1989.08	37.38	37.375	1772	0.04	3.74	-0.0164465	-1.64465	47406
1989.17	38.5	38.5	1934	0.03	3.01	0.0214643	2.14643	50236
1989.25	41.75	41.75	2097	0.08	8.44	0.04820513	4.820513	50236
1989.33	44.38	44.375	2229	0.08	7.77	0.0393381	3.93381	50236
1989.42	45.88	45.875	2304	0.03	3.38	-0.004866254	-0.4866254	50230
1989.5	48.75	48.75	2449	0.06	6.27	0.07713114	7.713114	50230
1989.58	51.25	51.25	2574	0.06	6.4	0.02212683	2.212683	50230
1989.67	52.75	52.75	2650	0.03	2.93	-0.00147541	-0.147541	50230
1989.75	50.75	50.75	2549	-0.04	-3.79	-0.02928151	-2.928151	50230
1989.83	55.5	55.5	2788	0.11	10.58	0.01781567	1.781567	50230
1989.92	57.63	57.625	2895	0.04	3.83	0.01829551	1.829551	50230
1990	56.88	56.875	2857	-0.01	-1.3	-0.07011591	-7.011591	50230
1990.08	53.63	53.625	2694	-0.06	-5.71	0.0149009	1.49009	50230
1990.17	53.63	53.625	2694	0.01	1.16	0.02414029	2.414029	50230
1990.25	51.75	51.75	2599	-0.03	-3.5	-0.02828282	-2.828282	50230
1990.33	56.5	56.5	2838	0.1	10.38	0.08893631	8.893631	50230
1990.42	56.75	56.75	2857	0	0.44	-0.00419616	-0.419616	50336
1990.5	55.5	55.5	2794	-0.02	-2.2	-0.009404754	-0.9404754	50336
1990.58	51.5	51.5	2592	-0.06	-6.09	-0.09189699	-9.189699	50336
1990.67	56.5	56.5	2846	0.1	9.71	-0.05384476	-5.384476	50380
1990.75	60.25	60.25	3035	0.07	6.64	-0.01250145	-1.250145	50380
1990.83	57.38	57.375	2891	-0.04	-3.74	0.06574492	6.574492	50380
1990.92	54.75	54.75	2761	-0.05	-4.58	0.02951617	2.951617	50430
1991	51.5	51.5	2597	-0.06	-5.94	0.04907525	4.907525	50430
1991.08	56.5	56.5	2849	0.1	9.71	0.07584678	7.584678	50430
1991.17	56.13	56.125	2830	0	0.43	0.0289227	2.89227	50430
1991.25	56	56	2824	0	-0.22	0.003323498	0.3323498	50430
1991.33	60.38	60.375	3045	0.09	8.92	0.04073345	4.073345	50430
1991.42	57.63	57.625	2897	-0.05	-4.55	-0.04402839	-4.402839	50276
1991.5	62	62	3117	0.08	7.59	0.04679671	4.679671	50276
1991.58	65.13	65.125	3274	0.06	6.04	0.02681867	2.681867	50276
1991.67	68.13	68.125	3445	0.05	4.61	-0.01097377	-1.097377	50575
1991.75	72.5	72.5	3667	0.06	6.42	0.01778982	1.778982	50575
1991.83	72.75	72.75	3679	0.01	1.24	-0.03727498	-3.727498	50575
1991.92	35	70	3540	-0.04	-3.78	0.1067822	10.67822	101150
1992	31.38	62.75	3174	-0.1	-10.36	-0.0011868	-0.11868	101150
1992.08	34.13	68.25	3452	0.09	8.76	0.01333913	1.333913	101150
1992.17	36.13	72.25	3648	0.07	6.81	-0.02369789	-2.369789	100992
1992.25	36.63	73.25	3699	0.01	1.38	0.01344226	1.344226	100992
1992.33	41.5	83	4191	0.14	14.2	0.006415555	0.6415555	100992
1992.42	41.88	83.75	4574	0.01	0.9	-0.01928446	-1.928446	109219
1992.5	45.38	90.75	4956	0.08	8.36	0.03987272	3.987272	109219
1992.58	47.63	95.25	5202	0.06	5.67	-0.02080161	-2.080161	109219
1992.67	49	98	5396	0.03	2.89	0.0124341	1.24341	110131
1992.75	49	98	5396	0	0	0.0109999	1.09999	110131
1992.83	46.25	92.5	5094	-0.05	-4.9	0.04018994	4.018994	110131
1992.92	46.38	92.75	5371	0	0.27	0.01775297	1.775297	115811
1993	49	98	5675	0.06	5.66	0.01264058	1.264058	115811
1993.08	56.25	112.5	6514	0.15	14.8	0.005398661	0.5398661	115811
1993.17	60.25	120.5	6978	0.08	7.73	0.02506723	2.506723	115811
1993.25	56.13	112.25	6500	-0.07	-6.85	-0.02539817	-2.539817	115811
1993.33	57	114	6601	0.02	2.18	0.02958919	2.958919	115811
1993.42	65.88	131.75	7841	0.16	15.57	0.005446434	0.5446434	119031
1993.5	65.25	130.5	7767	-0.01	-0.95	-0.000825313	-0.0825313	119031
1993.58	34.25	137	8154	0.06	5.52	0.03950907	3.950907	238062
1993.67	35	140	8332	0.02	2.19	0.000639675	0.06396749	238062
1993.75	33.88	135.5	8064	-0.03	-3.21	0.0180732	1.80732	238062
1993.83	31.13	124.5	7438	-0.08	-7.56	-0.01759283	-1.759283	238973
1993.92	29	116	6983	-0.07	-6.83	0.01948987	1.948987	240800
1994	32.88	131.5	7916	0.13	13.36	0.03145304	3.145304	240800
1994.08	31.88	127.5	7676	-0.03	-3.04	-0.02420365	-2.420365	240800
1994.17	30.5	122	7344	-0.04	-3.73	-0.045799	-4.5799	240800
1994.25	29.63	118.5	7379	-0.03	-2.87	0.009473312	0.9473312	249095
1994.33	30.5	122	7597	0.04	3.59	0.009359106	0.9359106	249095
1994.42	32.75	131	8216	0.07	7.38	-0.02790971	-2.790971	250871
1994.5	32.13	128.5	8059	-0.02	-1.91	0.03063457	3.063457	250871
1994.58	30.5	122	7652	-0.04	-4.47	0.0425963	4.25963	250871
1994.67	30.25	121	7612	-0.01	-0.82	-0.01836602	-1.836602	251625
1994.75	32.38	129.5	8146	0.07	7.02	0.01452085	1.452085	251625
1994.83	27	108	6830	-0.16	-15.98	-0.03721698	-3.721698	252962
1994.92	30.5	122	7715	0.13	12.96	0.0125966	1.25966	252962
1995	29.13	116.5	7368	-0.05	-4.51	0.02039707	2.039707	252962
1995.08	33	132	8348	0.14	13.99	0.03961619	3.961619	252962
1995.17	33	132	8348	0	0	0.02704193	2.704193	252962
1995.25	34	136	8557	0.03	3.03	0.02504914	2.504914	251675
1995.33	36.5	146	9186	0.08	7.94	0.03400795	3.400795	251675
1995.42	35.13	140.5	8846	-0.04	-3.77	0.03117408	3.117408	251846
1995.5	34.75	139	8752	-0.01	-1.07	0.04077579	4.077579	251846
1995.58	33.63	134.5	8474	-0.03	-2.66	0.009304444	0.9304444	252007
1995.67	33.5	134	8442	0	-0.37	0.03635669	3.635669	252007
1995.75	34.38	137.5	8663	0.03	2.61	-0.01132006	-1.132006	252007
1995.83	37.5	150	9436	0.1	9.71	0.04270585	4.270585	251625
1995.92	38.13	152.5	9593	0.02	1.67	0.01518494	1.518494	251625
1996	37	148	9310	-0.03	-2.95	0.02814557	2.814557	251625
1996.08	36.63	146.5	9216	0	-0.44	0.01630128	1.630128	251625
1996.17	36.88	147.5	9279	0.01	0.68	0.01093373	1.093373	251625
1996.25	40.25	161	10112	0.09	9.15	0.02551316	2.551316	251242
1996.33	40	160	10050	0	-0.09	0.02676425	2.676425	251242
1996.42	40.88	163.5	10303	0.02	2.19	-0.008278455	-0.8278455	252072
1996.5	39.38	157.5	9925	-0.04	-3.67	-0.05383595	-5.383595	252072
1996.58	40.13	160.5	10114	0.02	2.44	0.03247133	3.247133	252072
1996.67	40.75	163	10338	0.02	1.56	0.05298967	5.298967	253684
1996.75	46.5	186	11796	0.14	14.11	0.01361997	1.361997	253684
1996.83	45.88	183.5	11638	-0.01	-0.86	0.065513	6.5513	253684
1996.92	43.13	172.5	10973	-0.06	-5.99	-0.01136996	-1.136996	254446
1997	41.25	165	10496	-0.04	-4.35	0.05343754	5.343754	254446
1997.08	39.88	159.5	10146	-0.03	-2.79	-0.001155588	-0.1155588	254446
1997.17	38.13	152.5	9701	-0.04	-4.39	-0.04481585	-4.481585	254446
1997.25	37.63	150.5	9599	-0.01	-1.31	0.04229729	4.229729	255124
1997.33	40.75	163	10396	0.09	8.9	0.07162808	7.162808	255124
1997.42	40.81	163.25	10412	0	0.15	0.04413336	4.413336	255125
1997.5	37.88	151.5	11576	-0.07	-7.2	0.07651167	7.651167	305631
1997.58	38.5	154	11531	0.02	2.24	-0.0362365	-3.62365	299498
1997.67	38.5	154	11531	0	0	0.05845887	5.845887	299498
1997.75	38	152	11381	-0.01	-1.3	-0.03448803	-3.448803	299498
1997.83	38.69	154.75	11587	0.02	2.43	0.03049532	3.049532	299498
1997.92	41.56	166.25	12426	0.07	7.43	0.01774966	1.774966	298961
1998	41.44	165.75	12388	0	-0.3	0.004522636	0.4522636	298961
1998.08	47	188	14051	0.14	14	0.07321969	7.321969	298961
1998.17	46.38	185.5	13864	-0.01	-1.33	0.0513152	5.13152	298961
1998.25	49.19	196.75	15327	0.06	6.06	0.01087674	1.087674	311604
1998.33	50.13	200.5	16465	0.02	2.39	-0.02572607	-2.572607	328486
1998.42	54.06	216.25	17792	0.08	7.86	0.03200216	3.200216	329092
1998.5	52.94	211.75	17421	-0.02	-2.08	-0.02326044	-2.326044	329092
1998.58	42.31	169.25	13925	-0.2	-19.62	-0.157661	-15.7661	329092
1998.67	53.5	214	17627	0.26	26.44	0.06389582	6.389582	329481
1998.75	52.75	211	17380	-0.01	-1.4	0.07435209	7.435209	329481
1998.83	52.5	210	17298	0	0	0.06199213	6.199213	329481
1998.92	57.06	228.25	18872	0.09	8.69	0.0631737	6.31737	330728
1999	66	264	21828	0.16	15.66	0.03840321	3.840321	330728
1999.08	65	260	21497	-0.01	-1.14	-0.03803418	-3.803418	330728
1999.17	64.25	257	21249	-0.01	-1.15	0.03807275	3.807275	330728
1999.25	75.25	301	26416	0.17	17.12	0.0488878	4.88878	351041
1999.33	71.38	285.5	25240	-0.05	-4.82	-0.02067081	-2.067081	353624
1999.42	81.75	327	28909	0.15	14.54	0.05112657	5.112657	353624
1999.5	85.19	340.75	30124	0.04	4.2	-0.03049942	-3.049942	353624
1999.58	41.88	335	29616	-0.01	-1.39	-0.009980929	-0.9980929	707248
1999.67	41.06	328.5	29312	-0.02	-1.94	-0.02256262	-2.256262	713832
1999.75	39.94	319.5	28509	-0.03	-2.74	0.06214003	6.214003	713832
1999.83	38.06	304.5	27238	-0.04	-4.38	0.03698029	3.698029	715613
1999.92	44.38	355	31755	0.17	16.58	0.08397162	8.397162	715613
2000	67.88	543	48572	0.53	52.96	-0.039607	-3.9607	715613
2000.08	68.75	550	49198	0.01	1.47	0.03186377	3.186377	715613
2000.17	74.88	599	53582	0.09	8.91	0.05387296	5.387296	715613
2000.25	69.69	557.5	50497	-0.07	-6.93	-0.05968751	-5.968751	724621
2000.33	72.88	583	53348	0.05	4.75	-0.03888759	-3.888759	732044
2000.42	64.5	516	47217	-0.11	-11.49	0.05163629	5.163629	732044
2000.5	73.63	589	53897	0.14	14.15	-0.0177927	-1.77927	732044
2000.58	84.88	679	62716	0.15	15.28	0.07640832	7.640832	738917
2000.67	87.63	701	64748	0.03	3.39	-0.05129584	-5.129584	738917
2000.75	82.06	656.5	60637	-0.06	-6.35	-0.02455926	-2.455926	738917
2000.83	64.75	518	47845	-0.21	-20.94	-0.1030554	-10.30554	738917
2000.92	83.13	665	61422	0.28	28.38	0.01957216	1.957216	738917
2001	80	640	59113	-0.04	-3.76	0.03954633	3.954633	738917
2001.08	68.5	548	50616	-0.14	-14.22	-0.09926324	-9.926324	738917
2001.17	58.1	464.799988	43829	-0.15	-15.18	-0.07023959	-7.023959	754367
2001.25	62.72	501.76001	47314	0.08	7.95	0.0841507	8.41507	754367
2001.33	52.91	423.279999	39476	-0.15	-15.44	0.01061634	1.061634	746105
2001.42	49.1	392.799988	36634	-0.07	-7.2	-0.01731558	-1.731558	746105
2001.5	45.35	362.799988	33966	-0.08	-7.64	-0.0180848	-1.80848	748979
2001.58	34.99	279.920013	26237	-0.23	-22.57	-0.05963467	-5.963467	749857
2001.67	27.23	217.839996	20419	-0.22	-22.18	-0.09147193	-9.147193	749857
2001.75	13.9	111.199997	10423	-0.49	-48.95	0.02788064	2.788064	749857
2001.83	0.26	2.07999992	193	-0.98	-98.13	0.0786671	7.86671	743905
2001.92	0.6	4.80000019	446	1.31	130.77	0.01787852	1.787852	743905
2002						-0.01599994	-1.599994	743905
