Time	Lowes Gross Profit (million)	Bank Loans, Real Estate (billion)	Quarter	Pct Change Gross Profit	Pct Change Loans
1990	$173.18 	$775.40 	1		
1990.25	$202.34 	$798.80 	2	16.8342158	3.01779727
1990.5	$174.75 	$820.80 	3	-13.63369	2.7541312
1990.75	$152.41 	$836.20 	4	-12.785048	1.87621832
1991	$167.42 	$852.50 	1	9.84784363	1.94929443
1991.25	$208.82 	$863.40 	2	24.7273292	1.27859238
1991.5	$188.49 	$864.90 	3	-9.7363229	0.17373176
1991.75	$170.54 	$868.20 	4	-9.5211821	0.381547
1992	$213.22 	$873.20 	1	25.024188	0.57590417
1992.25	$246.74 	$881.60 	2	15.7240344	0.96197893
1992.5	$231.37 	$880.90 	3	-6.2287986	-0.0794011
1992.75	$209.34 	$887.70 	4	-9.5236243	0.77193779
1993	$234.17 	$888.20 	1	11.8612572	0.05632534
1993.25	$292.48 	$898.60 	2	24.9023133	1.17090745
1993.5	$275.62 	$907.90 	3	-5.7644967	1.03494325
1993.75	$279.02 	$921.40 	4	1.23249401	1.4869479
1994	$336.71 	$930.80 	1	20.6765179	1.02018667
1994.25	$403.56 	$940.00 	2	19.8545921	0.98839708
1994.5	$381.15 	$957.70 	3	-5.5540688	1.88297872
1994.75	$391.13 	$978.90 	4	2.61946866	2.21363684
1995	$422.11 	$1,005.60 	1	7.9206402	2.72755133
1995.25	$493.57 	$1,027.60 	2	16.9297103	2.18774861
1995.5	$428.94 	$1,049.40 	3	-13.094138	2.12144803
1995.75	$418.62 	$1,060.00 	4	-2.4061472	1.01010101
1996	$476.50 	$1,072.00 	1	13.8258381	1.13207547
1996.25	$628.79 	$1,081.70 	2	31.9605456	0.90485075
1996.5	$566.17 	$1,087.70 	3	-9.9597323	0.55468244
1996.75	$552.30 	$1,112.50 	4	-2.4489284	2.28004045
1997	$623.70 	$1,137.20 	1	12.9280954	2.22022472
1997.25	$731.09 	$1,172.10 	2	17.2181311	3.06894126
1997.5	$670.89 	$1,198.40 	3	-8.235204	2.24383585
1997.75	$664.09 	$1,216.50 	4	-1.0128397	1.51034713
1998	$830.50 	$1,237.70 	1	25.058614	1.74270448
1998.25	$986.88 	$1,260.30 	2	18.8288302	1.82596752
1998.5	$882.14 	$1,271.00 	3	-10.613481	0.84900421
1998.75	$874.38 	$1,298.90 	4	-0.8791171	2.19512195
1999	$1,007.09 	$1,321.40 	1	15.1776116	1.73223497
1999.25	$1,187.29 	$1,340.20 	2	17.8927405	1.42273346
1999.5	$1,089.55 	$1,370.90 	3	-8.2319677	2.29070288
1999.75	$1,096.66 	$1,431.90 	4	0.65238002	4.44963163
2000	$1,248.12 	$1,497.00 	1	13.8109728	4.54640687
2000.25	$1,452.03 	$1,563.50 	2	16.3375039	4.44221777
2000.5	$1,299.37 	$1,612.80 	3	-10.513234	3.15318196
2000.75	$1,291.25 	$1,632.30 	4	-0.6248403	1.20907738
2001	$1,493.53 	$1,654.80 	1	15.6650943	1.37842308
2001.25	$1,717.71 	$1,691.40 	2	15.0100199	2.21174764
2001.5	$1,590.89 	$1,706.60 	3	-7.383036	0.89866383
2001.75	$1,565.72 	$1,738.00 	4	-1.5823857	1.83991562
2002	$1,922.72 	$1,764.10 	1	22.8015316	1.50172612
2002.25	$2,202.04 	$1,795.00 	2	14.5271131	1.75160138
2002.5	$1,965.22 	$1,868.30 	3	-10.754674	4.08356546
2002.75	$1,936.02 	$1,977.40 	4	-1.4854347	5.83953327
2003	$2,219.00 	$2,061.20 	1	14.6163477	4.23788814
2003.25	$2,626.00 	$2,127.90 	2	18.3415953	3.23597904
2003.5	$2,441.00 	$2,211.40 	3	-7.0449353	3.92405658
2003.75	$2,321.00 	$2,206.40 	4	-4.916018	-0.2261011
2004	$2,870.00 	$2,254.50 	1	23.6535976	2.18002175
2004.25	$3,389.00 	$2,377.40 	2	18.0836237	5.45131958
2004.5	$3,051.00 	$2,437.90 	3	-9.9734435	2.54479684
2004.75	$2,989.00 	$2,523.80 	4	-2.0321206	3.52352434
2005	$3,398.00 	$2,610.50 	1	13.6835062	3.43529598
2005.25	$4,027.00 	$2,701.50 	2	18.5108888	3.48592224
2005.5	$3,580.00 	$2,814.80 	3	-11.100074	4.19396632
2005.75	$3,785.00 	$2,893.80 	4	5.72625698	2.80659372
2006	$4,169.00 	$2,968.70 	1	10.1453104	2.58829221
2006.25	$4,477.00 	$3,057.90 	2	7.3878628	3.00468218
2006.5	$3,865.00 	$3,133.80 	3	-13.669868	2.48209556
2006.75	$3,687.00 	$3,331.80 	4	-4.6054334	6.31820793
2007	$4,259.00 	$3,389.50 	1	15.513968	1.73179663
2007.25	$4,884.00 	$3,407.90 	2	14.6748063	0.54285293
2007.5	$3,963.00 	$3,468.20 	3	-18.857494	1.76941812
2007.75	$3,621.00 	$3,573.70 	4	-8.6298259	3.04192376
2008	$4,166.00 	$3,626.10 	1	15.0510909	1.46626745
2008.25	$4,982.00 	$3,645.70 	2	19.5871339	0.54052563
2008.5	$3,985.00 	$3,639.00 	3	-20.012043	-0.1837781
2008.75	$3,368.00 	$3,818.90 	4	-15.483061	4.94366584
2009	$4,196.00 	$3,817.80 	1	24.584323	-0.0288041
2009.25	$4,822.00 	$3,859.60 	2	14.9189704	1.09487139
2009.5	$3,891.00 	$3,803.50 	3	-19.307341	-1.4535185
2009.75	$3,554.00 	$3,771.30 	4	-8.6610126	-0.8465887
2010	$4,358.00 	$3,727.40 	1	22.6223973	-1.1640548
2010.25	$5,007.00 	$3,699.90 	2	14.8921524	-0.7377797
2010.5	$4,061.00 	$3,650.10 	3	-18.893549	-1.3459823
2010.75	$3,726.00 	$3,615.80 	4	-8.2491997	-0.9397003
2011	$4,319.00 	$3,569.40 	1	15.9151906	-1.2832568
2011.25	$5,016.00 	$3,505.90 	2	16.1379949	-1.7790105
2011.5	$4,036.00 	$3,485.60 	3	-19.53748	-0.5790239
2011.75	$3,979.00 	$3,487.20 	4	-1.4122894	0.04590314
