Hip Bone Density
-0.13333
0.85
0.6
-1.19167
-0.95
-2.95
-2.38333
-2.46667
0.45833
-2.025
-2.21667
-2.71667
-1.8
-1.46667
-0.925
-1.81667
-1.14167
-0.36667
-0.225
-2.59167
1.95
-1.41667
-0.98333
-0.84167
-1.15833
0.83333
-1.51667
-1.90833
-2.73333
-1.60833
-3.15833
-1.075
-1.74167
-1.16667
-2.23333
-0.70833
-0.23333
-1.88333
-0.75
0.85833
-0.34167
-2.58333
-1.18333
-2.78333
-1.51667
-0.675
-2.99167
-3.29167
-2.45
-1.53333
-0.45833
-2.95833
-0.29167
-1.56667
-1.28333
0.15
-3.74167
-2.6
-2.20833
-2.11667
-1.925
-1.625
-2.83333
-0.76667
-0.38333
-1.95833
-2.45
-0.75
-2.275
-3.2
-2.46667
-1.54167
-2.7
-2.8
-2.35
-2.06
-1.6
-2.98
-2.26
-2.23
-3.69
-2.53
-0.875
-1.15833
-3.13333
-2.325
-1.35
-0.90833
-3.20833
-1.26667
2.05833
-2.65
-1.875
0.28333
-1.35
-2.42
0.53
-2.24
0.05
-0.84
-2.52
-5.38
-2.04
-3.51
-4.51
-1.54
-1.87
0.64
-1.69
-1.45
-2.15
0.07
-1.94
-1.09
-2.64
-2.52
0.58
-1.61
-2.64
-2.02
-1.93
-1.31
-2.5
1.03
1.26
-2.45
-2.97
-2.32
-1.22
-2.36
-0.26667
0
0.26667
-2.49167
-0.40833
0.01667
-2.60833
-2.8
-1.73333
-2.39167
-1.55
-1.65833
-1.70833
-0.9
-0.825
-0.51
-2.98
0.21
-1.14
-1.8
-1.86
0.07
-1.21
-0.7
-1.94
-0.77
-2.51
-1.23333
-1.9
-0.05833
1.41667
0.51667
-1.65
0.325
0.625
-1.34167
0.02
-2.37
-1.74
-2.32
-0.8
-1.88
0.78
-3.16
-0.72
-0.56
-0.85
-2.72
-2.82
-2.62
-3.95
-1.46
-4.02
-3.11
-3.52
-2.82
-2.13
-0.77
-3.61
-3.94
-2.91
1.375
-1.625
1.05
-2.025
-2.06667
-1.775
-1.98333
-2.2
-0.73333
-0.875
0.43333
-0.71667
-1.59167
-1.95833
-0.29167
-1.00833
-1.79167
-0.28333
-1.96667
-1.96667
-2.69167
-3.60833
-0.79167
-0.6
-0.99167
-1.2
-2.24167
-0.68333
-0.92
-1.82
-1.31
-1.06
-0.13
-1.42
0.01
-3.82
-2.88
-1.47
-3.06
0.44
-0.03
-1.48
-3.51
-2.2
-2.95
-2.97
-0.52893
0.28099
-2.42149
-2.08264
-1.63636
-2.42149
-3.38
-1.28
-5.32
-2.47
-3.27
-2.59
-1.14
-2.04
1.59
-2.21
-3.72
-3.07
-0.20833
1.30833
-0.26667
-1.65833
-1.11667
-1.325
0.34167
0.01667
-0.775
-0.49167
3.40833
-0.84167
-0.63333
0.25
-1.04167
-0.75833
-2.55
-0.85
-2.04167
-0.89167
0.53333
-1.83333
-0.49167
-1.79167
-0.85833
-2.34167
-1.4
-0.90833
-0.95833
-1.75833
-0.825
-0.51667
0.11667
-1.825
-1.59167
-0.45
-1.05833
-0.58333
-1.25
-1.5
-1.37
-2.28
-0.36
-1.86
-3.02
-0.44
-3.29
-3.28
-0.03
-1.15
-1.01
-3.01
-2.67
0.25
-1.48
-2.24
-1.67
-1.44
-2.61
-2.04
-3.5
-0.56
-0.74
-1.74
-1.1
-2.51
-2.74
-2.62
-2.84
-1.57
-2.29
-1.05
-2.31
-3.27
-1.42
-0.45
-0.13333
-2.11667
-0.08333
-1.24167
0.89167
0.475
0.85
-0.40833
-1.55833
-1.125
-0.775
-0.54167
-0.36667
-1.63333
-0.65
-1.85833
-1.19167
-0.825
-1.80833
1.01667
0.225
0.79167
-0.725
1.775
1.55
-1.31667
-1.65
-1.525
-1.10833
-2.65833
-2.19167
-0.2
-0.83333
-0.5
-2.6
-1.13333
-0.61667
-2.425
-1.56667
-2.69167
-0.875
0.32
-0.37
-2.87
-2.65
-4
-3.04
-1.06
-4.21
-4.81
-1.91
-2.06
-3.84
-2.53
-1.56667
-1.84167
-2.325
-3.15
-2.65
0.04167
-0.95
0.08333
-1.65833
-0.34167
-1.95
-2.55833
1.175
-2.4
-2.20833
0.575
-2.01667
-2.59167
-4.04167
-0.60833
-2
-2.525
-2.10833
-2.225
-1.875
-3.125
-0.45
0.65833
-1.85833
-1.88333
-0.95833
-2.66667
-0.85833
-2.425
0.025
1.50833
0.825
0.85833
0.3
-0.75
-3.4
-2.06
-3.18333
-1.06
-1.95833
-2.89167
-1.46667
-3.49167
-1.93333
-3.96
-0.78
-0.51
-0.35
-3.3
-5.09
-1.33
-2.28
-1.83
-1.52
-2.97
-3.2
-2.7
-1.63
0.43333
-2.21667
-1.54167
-2.04167
-1.575
-0.29167
-1.28333
0.3
-1.03333
-2.39
-2.82
-1.79
-2.8
-2.28
-0.96
-1.75
-2.17
-3.04
-1.76
-0.09
-1.89
-1.81
-2.92
-1.04
-2.01
-3.59
-3.34
-1.7
-3.33
-3.22
-3.5
-2.91
-1.92
-2.72
0.04
-1.43333
-0.65833
0.80833
-2.58333
-0.83333
-2.49167
0.08333
0.65
-1.25833
-0.86667
0.31667
-0.10833
-4.35833
-1.88333
-1.46667
-1.79
-4.17
-4.46
-3.09
-2.66
-2.93
-3.98
1.03
1.94
-1.36
-3.34
-2.64
-2.17
-3.9
-3.52
-2.37
-1.68
-2.5
-1.86
-3.17
-2.76
-2.58
-0.48
-2.27
-3
-1.73
-0.14
-2.53
-2.04
-2.1
-1.15
-2.29
-2.57
-3.11
-1.54
-1.225
-1.79167
-2.56667
-3.35
-0.53333
-1.95833
-0.825
-0.94167
-2.79167
-2.1
-1.575
0.08333
-1.24167
-1.5
1.09167
-1.25
-0.21667
-0.96667
-0.28333
-1.58333
-0.525
-5.46
-3.09
-2.01
-4.27
-3.69
-4.68
-1.58
-2.12
-1.33
-3.64
0
-1.5
-2.15
-1.2
-2.07
0.58
-1.35
-3.14
-0.38
-3.17
-2.92
-2.61
-1.54
-2.26
-3.37
-1.45
-1.96667
-1.21667
-1.24167
-1.98333
0.025
0.025
-2.075
-1.03333
-1.54167
-3.56667
-1.05
-0.575
-1.99167
-1.175
-1.20833
0.125
-0.7
-0.21667
-0.21667
-3.51667
-1.85833
-1.85
0.35833
0.7
-1.45833
-0.11667
-2.275
-2.30833
-2.20833
-2
-2.93333
-1.91667
-0.75
-2.3
0.625
-2.28333
-2.45833
-2.49167
-1.18333
-3.66667
0.275
-3.18333
-2.625
-1.54167
-3.1
-3.625
2.05
-0.68
-1.87
-0.83
-2.82
-2.87
-1.17
-2.23
0.07
-1.38
-1.89
-2.4
-1.08
-2.84
-1.73
-1.05
-0.81
-1.69
-1.32
-2.36
-4.23
-2.975
-3.44167
-0.91667
-2.35
-1.31667
1.19167
-0.95
1.11667
-3.50833
-0.95
0.46667
-1.29167
-1.04167
-0.65833
-1.975
-0.71667
-2.43333
0.56667
-0.19167
-2.65833
-1.98333
-3.225
-3.85
1.38
-1.81
-2.03
-2.93
-2.9
-1.25
-2.02
-3.8
-0.49
-3.24
0.62
-1.75
-1.15
-1.9
-0.24
-1.25
-3.42
-1.17
-1.72
-1.03
-2.21
-2.12
-0.97
-1.61667
-1.4
-1.45833
-2.05833
-1.9
-2.23333
0.45
-1.18333
0.08333
0.48333
-1.04
-3.91
-1.61
-1.11
-2.37
-1.22
-0.91
-2.14
-2.76
-1.21
-1.62
-2.8
-2.93
-1.13
-1.48
-2.78
-0.7
-1.6
-3.57
0.74
-2.8
-1.48
-3.23
-0.8
-2.06
-0.9
-2.04132
-0.71901
0.64463
-3.89256
-2.7686
-0.10744
-1.19835
-0.86777
-1.61157
0.30833
-1.1
-1.9
0.975
-0.75
-1.30833
-1
-2.89167
-1.125
-3.41667
-0.66667
-2.26
-1.17
-2.86
-1.8
-1.95
-4.52
-1.63
-3.19
-2.91
-1.07
-3.04
-3.59
-1.66
-2.69
-1.99
-0.74
-2.56
-1.64
-4.41
-2.04
-1.95
-3.84
-3.47
-4.01
-3.77
-3.07
-2.84
-2.05
-2.59
-1.15
-3.87
-3
-1.83
-1.725
-1.38333
-2.525
-2.725
-2.85833
0.21667
1.15
3.375
-2.83
-0.08333
-0.4
-3.325
-1.96
-2.26667
-1.66667
-3.62
-1.05833
-1.07
-0.85
-1.68
-1.58
-3.83
-3.3
-1.46
-1.93
-2.54
-0.78
-0.06667
0
-1.25
0.375
-0.825
-1.59167
-1.24167
-1.94167
-2.53333
-2.61667
-0.15
-0.40833
-0.88333
-1.49167
-1.65
-1.53333
-1.15833
-0.7
1.08333
-2.40833
-2.49167
-0.20833
-1.875
-3.29167
-0.35833
-0.91667
1.15
-0.11667
-0.81667
-0.8
0.56667
-0.425
-1.9
0.75833
-0.86667
-1.09167
-3.30833
-1.55
-0.74167
-2.525
-0.25
0.4
-2.23333
-0.74167
-1.78333
-0.79167
-0.44167
-1.84167
-0.59167
-1.14167
0.98333
-2.59167
-1.03333
-0.71667
-2.475
-3.00833
0.84167
-0.85833
-1.60833
-1.61667
-0.05
0.97
-0.5
-3.23
-0.57
1.56
-0.52
0.21
-0.64
-3.4
1.77
-1.44
-2.02
-1.96
0.26
-1.01
-0.99
1.46
-0.6
-0.21
-0.96
-1.24
-1.16
-1.19
-0.68
-2.28
-2.68333
-0.56667
-0.59167
-1.65833
-1.65833
-0.275
-0.61667
0.20833
-2.94167
-2.275
-2.425
-1.73333
0.10833
-1.56667
-2.55
-1.06667
-0.73333
-1.45833
-0.89167
-0.96667
-2.38333
0.8
-3.14167
-1.96667
-0.28333
-0.4
-1.10833
-0.7
-3.66667
-2.55
-2.275
-3.89167
-1.975
-0.38333
-1.4
-2.25
-0.64167
-0.64167
-1.35
-2.39167
-0.8
-0.7
-1.70833
0.13333
-1.13
-3.03
-2.61
-1.01
-2.08
-0.91667
-1.875
-1.71667
-0.775
-0.54167
-0.14167
0.06667
-1.46
-2.36
-1.46
-2.56
-2.06
-3.52
-2.87
-1.6
-1.42
-0.88
-1.58
-0.59
-2.53
-2.625
-1.4
-0.33333
1.325
-2.2
-0.05
-2.2
0.475
-2.3
-0.74167
-2.94167
-0.74167
-0.175
-1.125
-1.60833
-2.7
-2.425
-0.80833
-0.56667
-2.13333
-0.76667
-1.44167
-1.03333
-0.59167
-0.7
0.11667
-3.73
1.53
0.44
-1.34
0.48
-0.96
1.64
-0.68
-1.53
-0.33
-2.68
-0.31667
-2.86667
-1.59167
-0.94167
-1.11667
-1.06667
0.34167
-0.04167
-2.15833
-2.35
-0.86667
-2.33333
-1.54
-2.25
-1.64
0.18
-3.65
-2.33
-3.78
2.38
1.41
-2.32
-2.58
1.75
-1.48
-3.13
-1.28
-2.51
-0.58
-2.79
-2.48
-3.42
-3.19
-3.14876
-1.14876
-0.28099
-2.2314
-2.2314
-0.71901
-1.66116
-2.43802
-2.19008
-3.97521
-2.05785
-2.1157
-1.23
-3.51
-3.04
-2.08
-1.5
2
-2.82
0.68
0.79
-1.63
-3.16
-0.86
-1.61667
0.46667
-2.10833
-1.99167
-3.09167
-0.9
-2.175
-0.98333
-0.56667
-1.26667
-0.95833
-1.975
-1.05833
-0.95
-0.69167
-2.075
-2.14167
-1.45
-0.325
-3.15833
-0.75833
-0.13333
-0.95
-2.05
-2.04167
-0.38333
-1.98333
-1.50833
-2.75
-2.35833
-1.625
-2.525
-3.275
-3.25
-2.03306
-2.00826
-2.05785
-3.72727
-2.27273
-1.52893
1.01667
-1.7
-0.575
-2.4
1.525
-2.125
-2.30833
0.26667
0.40833
-1.05833
0.54167
