Date	Price McDonalds	Return McDonalds	Value Weighted Return	Equal-Weighted Return	S&P 500 Return
19900131	32.625	-0.054348	-0.070115	-0.046408	-0.068817
19900228	31.5	-0.032107	0.014901	0.015434	0.008539
19900330	31.75	0.007937	0.02414	0.021315	0.024255
19900430	30.25	-0.047244	-0.028286	-0.028117	-0.026887
19900531	34.625	0.147438	0.088936	0.045675	0.091989
19900629	35.5	0.025271	-0.004196	0.005359	-0.008886
19900731	31.375	-0.116197	-0.009405	-0.025732	-0.005223
19900831	27.875	-0.108845	-0.091896	-0.108911	-0.094314
19900928	26	-0.067265	-0.053843	-0.080468	-0.051184
19901031	25.25	-0.028846	-0.012504	-0.057155	-0.006698
19901130	28.125	0.117228	0.065744	0.035468	0.059934
19901231	29.125	0.035556	0.029513	-0.004526	0.024828
19910131	28.5	-0.021459	0.049078	0.084175	0.041518
19910228	31.625	0.109649	0.075847	0.133898	0.067281
19910328	34.75	0.101502	0.028923	0.078293	0.022203
19910430	33.5	-0.035971	0.003322	0.031962	0.000346
19910531	35	0.047537	0.040732	0.031385	0.038577
19910628	32.875	-0.060714	-0.044029	-0.031773	-0.047893
19910731	32.75	-0.003802	0.046795	0.034202	0.044859
19910830	32.625	-0.000992	0.026819	0.027507	0.019649
19910930	35	0.072797	-0.010975	0.00813	-0.019144
19911031	34.75	-0.007143	0.017789	0.024639	0.01186
19911129	33.625	-0.029712	-0.037275	-0.023735	-0.043928
19911231	38	0.130112	0.106778	0.035353	0.111588
19920131	43.5	0.144737	-0.001182	0.14997	-0.0199
19920228	40.5	-0.066839	0.013354	0.052124	0.009565
19920331	39.875	-0.015432	-0.0237	-0.014169	-0.021832
19920430	44.375	0.112853	0.013419	-0.033262	0.027893
19920529	46.875	0.058592	0.006439	0.005678	0.000964
19920630	46	-0.018667	-0.019287	-0.039215	-0.017359
19920731	43.875	-0.046196	0.0399	0.027617	0.039374
19920831	42.5	-0.02906	-0.02082	-0.0239	-0.023998
19920930	44.375	0.044118	0.012447	0.01105	0.009106
19921030	45.875	0.033803	0.010986	0.016224	0.002106
19921130	49	0.0703	0.040193	0.066686	0.030262
19921231	48.75	-0.005102	0.017768	0.035677	0.010108
19930129	48.625	-0.002564	0.012643	0.067612	0.007046
19930226	50.625	0.043188	0.005402	-0.007198	0.010484
19930331	52.875	0.044444	0.025116	0.031465	0.018697
19930430	48.125	-0.089835	-0.0254	-0.011112	-0.025417
19930528	49.75	0.033766	0.029598	0.03874	0.022717
19930630	49.125	-0.010402	0.00544	0.013419	0.000755
19930730	51.5	0.048346	-0.000795	0.013719	-0.005327
19930831	53.75	0.045777	0.039479	0.039698	0.034432
19930930	51.875	-0.034884	0.000641	0.025507	-0.009988
19931029	57.625	0.110843	0.018064	0.040518	0.019393
19931130	58.625	0.019219	-0.017606	-0.024467	-0.012911
19931231	57	-0.027719	0.019513	0.01619	0.010091
19940131	60.75	0.065789	0.031466	0.049166	0.032501
19940228	60.625	-0.000288	-0.024224	-0.009952	-0.030045
19940331	56.875	-0.061856	-0.045795	-0.045962	-0.045746
19940429	60	0.054945	0.009478	-0.011728	0.011531
19940531	62	0.033333	0.00936	-0.000831	0.012419
19940630	28.875	-0.066613	-0.027909	-0.028182	-0.026812
19940729	27.125	-0.060606	0.030633	0.015778	0.031467
19940831	28.25	0.043687	0.042597	0.036756	0.037643
19940930	26.375	-0.066372	-0.018363	0.004865	-0.026898
19941031	28.875	0.094787	0.01452	-0.003305	0.020834
19941130	28.375	-0.015238	-0.037219	-0.040741	-0.039505
19941230	29.25	0.030837	0.012609	-0.013424	0.012299
19950131	32.625	0.115385	0.020399	0.02786	0.024278
19950228	33.25	0.020996	0.039615	0.028369	0.036074
19950331	34.125	0.026316	0.027041	0.019518	0.027329
19950428	35	0.025641	0.025048	0.026976	0.02796
19950531	37.875	0.084071	0.034007	0.02027	0.036312
19950630	39.125	0.033003	0.031173	0.049917	0.021279
19950731	38.625	-0.01278	0.040783	0.054708	0.031776
19950831	36.5	-0.053269	0.009305	0.032043	-0.00032
19950929	38.25	0.047945	0.036362	0.0264	0.040098
19951031	41	0.071895	-0.011317	-0.041473	-0.004979
19951130	44.625	0.090061	0.042708	0.016659	0.041049
19951229	45.125	0.011204	0.015191	0.008928	0.017444
19960131	50.25	0.113573	0.028144	0.034657	0.032617
19960229	50	-0.003632	0.01631	0.032305	0.006934
19960329	48	-0.04	0.010927	0.024086	0.007917
19960430	47.875	-0.002604	0.025511	0.058049	0.013431
19960531	48.125	0.006789	0.0268	0.062615	0.022853
19960628	46.75	-0.028571	-0.008298	-0.032167	0.002257
19960731	46.375	-0.008021	-0.053819	-0.079602	-0.045748
19960830	46.375	0.001617	0.032463	0.045634	0.018814
19960930	47.375	0.021563	0.053015	0.028753	0.054173
19961031	44.5	-0.060686	0.013632	-0.020842	0.026131
19961129	46.75	0.052247	0.065502	0.024696	0.073376
19961231	45.375	-0.029412	-0.011358	-0.002604	-0.021505
19970131	45.5	0.002755	0.053449	0.063831	0.061317
19970228	43.25	-0.047802	-0.001144	-0.010299	0.005928
19970331	47.25	0.092486	-0.04482	-0.049224	-0.042614
19970430	53.5	0.132275	0.042303	-0.021596	0.058406
19970530	50.25	-0.059206	0.071624	0.085194	0.058577
19970630	48.3125	-0.038557	0.044145	0.043145	0.043453
19970731	53.75	0.112549	0.076502	0.048824	0.078123
19970829	47.3125	-0.118233	-0.036267	0.027605	-0.057446
19970930	47.625	0.006605	0.058433	0.081737	0.053154
19971031	44.8125	-0.059055	-0.034528	-0.026145	-0.034478
19971128	48.5	0.084128	0.030459	-0.022063	0.044587
19971231	47.75	-0.015464	0.017772	-0.023875	0.015732
19980130	47.125	-0.013089	0.004529	0.015367	0.01015
19980227	54.5625	0.159576	0.07323	0.060451	0.070449
19980331	60	0.099656	0.051324	0.046884	0.049946
19980430	61.875	0.03125	0.010862	0.023243	0.009076
19980529	65.625	0.062061	-0.025755	-0.042571	-0.018826
19980630	69	0.051429	0.031955	-0.02915	0.039438
19980731	66.8125	-0.031703	-0.023264	-0.050546	-0.011615
19980831	56.375	-0.154874	-0.157666	-0.196383	-0.145797
19980930	59.6875	0.058758	0.063835	0.043245	0.062396
19981030	67.0625	0.12356	0.074357	0.037827	0.080294
19981130	70.0625	0.046076	0.061985	0.075912	0.059126
19981231	76.8125	0.096343	0.063054	0.018861	0.056375
19990129	78.8125	0.026037	0.038345	0.064848	0.041009
19990226	85	0.078509	-0.038105	-0.042172	-0.032283
19990331	45.3125	0.067324	0.037861	-0.001373	0.038794
19990430	42.375	-0.064828	0.049	0.0839	0.037944
19990528	38.5	-0.090295	-0.020721	0.025134	-0.02497
19990630	41.125	0.068182	0.051021	0.038391	0.054438
19990730	41.6875	0.013678	-0.030635	0.007271	-0.032046
19990831	41.375	-0.006327	-0.009985	-0.030607	-0.006254
19990930	43.25	0.045317	-0.022868	-0.01425	-0.028552
19991029	41.25	-0.046243	0.062049	-0.001351	0.062539
19991130	45.125	0.095127	0.036814	0.091409	0.019062
19991231	40.3125	-0.106648	0.083721	0.08483	0.057844
20000131	37.375	-0.072868	-0.039588	0.05061	-0.050904
20000229	31.625	-0.153846	0.031844	0.120436	-0.020108
20000331	37.375	0.181818	0.053523	-0.000429	0.09672
20000428	38.0625	0.018395	-0.059466	-0.088504	-0.030796
20000531	35.8125	-0.059113	-0.039047	-0.057324	-0.021915
20000630	32.9375	-0.080279	0.05164	0.079228	0.023934
20000731	31.5	-0.043643	-0.017106	-0.019355	-0.016341
20000831	29.875	-0.051587	0.075811	0.059257	0.060699
20000929	30.1875	0.01046	-0.051138	-0.040102	-0.053483
20001031	31	0.026915	-0.024557	-0.066807	-0.004949
20001130	31.875	0.035161	-0.102534	-0.118559	-0.080069
20001229	34	0.066667	0.020299	-0.007035	0.004053
20010131	29.35	-0.136765	0.039524	0.225012	0.034637
20010228	29.4	0.001704	-0.099267	-0.074508	-0.092291
20010330	26.55	-0.096939	-0.070286	-0.072716	-0.064205
20010430	27.5	0.035782	0.083911	0.076441	0.076814
20010531	30.28	0.101091	0.010566	0.062201	0.00509
20010629	27.06	-0.106341	-0.017474	0.00772	-0.025004
20010731	29.14	0.076866	-0.018316	-0.028407	-0.010772
20010831	30.03	0.030542	-0.059095	-0.035009	-0.064108
20010928	27.14	-0.096237	-0.091543	-0.127801	-0.081723
20011031	26.07	-0.039425	0.02797	0.078103	0.018099
20011130	26.84	0.038166	0.078735	0.080809	0.075176
20011231	26.47	-0.013785	0.017844	0.057742	0.007574
20020131	27.18	0.026823	-0.016046	0.018178	-0.015574
20020228	26.1	-0.039735	-0.021713	-0.03306	-0.020766
20020328	27.75	0.063218	0.044688	0.074666	0.036739
20020430	28.4	0.023423	-0.049654	-0.003169	-0.061418
20020531	29.94	0.054225	-0.010478	-0.015519	-0.009081
20020628	28.45	-0.049766	-0.070251	-0.06731	-0.072465
20020731	24.75	-0.130053	-0.081135	-0.107499	-0.078995
20020830	23.76	-0.04	0.007965	0.006337	0.004881
20020930	17.66	-0.256734	-0.099965	-0.08449	-0.110013
20021031	18.11	0.025481	0.074926	0.042772	0.086436
20021129	18.5	0.034511	0.061275	0.117775	0.05707
20021231	16.08	-0.130811	-0.053316	-0.040159	-0.060333
20030131	14.24	-0.114428	-0.023392	0.006068	-0.027415
20030228	13.61	-0.044242	-0.01539	-0.021448	-0.017004
20030331	14.46	0.062454	0.010325	0.009434	0.008358
20030430	17.1	0.182573	0.082762	0.098222	0.081044
20030530	18.73	0.095322	0.063471	0.133177	0.050899
20030630	22.06	0.17779	0.016335	0.049741	0.011322
20030731	23.01	0.043064	0.023112	0.061927	0.016224
20030829	22.42	-0.025641	0.024966	0.047429	0.017873
20030930	23.54	0.049955	-0.009112	0.025239	-0.011944
20031031	25	0.062022	0.060318	0.08093	0.054962
20031128	25.63	0.0412	0.016594	0.038147	0.007129
20031231	24.83	-0.031213	0.045528	0.038907	0.050765
20040130	25.74	0.036649	0.023048	0.065762	0.017276
20040227	28.3	0.099456	0.015459	0.01372	0.012209
20040331	28.57	0.009541	-0.010694	0.006293	-0.016359
20040430	27.23	-0.046902	-0.024231	-0.04359	-0.016791
20040528	26.4	-0.030481	0.014125	0.002592	0.012083
20040630	26	-0.015152	0.021582	0.022729	0.017989
20040730	27.5	0.057692	-0.037667	-0.051082	-0.034291
20040831	27.02	-0.017455	0.002713	-0.004725	0.002287
20040930	28.03	0.03738	0.020546	0.041594	0.009364
20041029	29.15	0.039957	0.017805	0.020836	0.014014
20041130	30.74	0.073413	0.04821	0.079929	0.038595
20041231	32.06	0.042941	0.035179	0.05292	0.032458
20050131	32.39	0.010293	-0.026556	-0.029278	-0.02529
20050228	33.08	0.021303	0.022672	0.016636	0.018903
20050331	31.14	-0.058646	-0.016935	-0.031835	-0.019118
20050429	29.31	-0.058767	-0.025186	-0.046509	-0.020109
20050531	30.94	0.055612	0.037955	0.043808	0.029952
20050630	27.75	-0.103103	0.011534	0.032155	-0.000143
20050729	31.17	0.123243	0.043327	0.058745	0.035968
20050831	32.45	0.041065	-0.005946	-0.007217	-0.011222
20050930	33.49	0.032049	0.010565	0.01053	0.006949
20051031	31.6	-0.056435	-0.020801	-0.033876	-0.017741
20051130	33.85	0.092405	0.040385	0.034319	0.035186
20051230	33.72	-0.00384	0.003455	0.013479	-0.000952
20060131	35.01	0.038256	0.040033	0.076354	0.025467
20060228	34.91	-0.002856	-0.00164	0.004836	0.000453
20060331	34.36	-0.015755	0.019055	0.036979	0.011065
20060428	34.57	0.006112	0.012962	0.009791	0.012187
20060531	33.17	-0.040498	-0.031048	-0.044332	-0.030917
20060630	33.6	0.012964	-0.000408	-0.008479	0.000087
20060731	35.39	0.053274	-0.001904	-0.022718	0.005086
20060831	35.9	0.014411	0.025061	0.025011	0.021274
20060929	39.12	0.089694	0.019424	0.009005	0.024566
20061031	41.92	0.071575	0.037126	0.046211	0.031508
20061130	41.97	0.025048	0.023705	0.031168	0.016467
20061229	44.33	0.056231	0.010833	0.014793	0.012616
20070131	44.35	0.000451	0.019428	0.022283	0.014059
20070228	43.69	-0.014882	-0.013957	0.00211	-0.021846
20070330	45.05	0.031128	0.012949	0.006543	0.00998
20070430	48.28	0.071698	0.039821	0.027044	0.043291
20070531	50.55	0.047017	0.038932	0.023112	0.032549
20070629	50.76	0.004154	-0.014756	-0.007929	-0.017816
20070731	47.87	-0.056935	-0.031756	-0.043537	-0.031982
20070831	49.25	0.028828	0.011656	-0.011737	0.012864
20070928	54.47	0.10599	0.04086	0.025363	0.035794
20071031	59.7499	0.096932	0.025835	0.017406	0.014822
20071130	58.47	0.003684	-0.049222	-0.076608	-0.044043
20071231	58.91	0.007525	-0.004419	-0.010995	-0.008628
20080131	53.58	-0.090477	-0.062151	-0.045082	-0.061163
20080229	54.11	0.016891	-0.021653	-0.021401	-0.034761
20080331	55.77	0.030678	-0.01042	-0.025313	-0.00596
20080430	59.58	0.068316	0.051105	0.031907	0.047547
20080530	59.32	-0.004364	0.023843	0.031776	0.010674
20080630	56.22	-0.045937	-0.078434	-0.086631	-0.085962
20080731	59.79	0.063501	-0.01333	-0.001296	-0.009859
20080829	62	0.043235	0.010564	0.013022	0.012191
20080930	61.7	-0.004839	-0.098005	-0.120109	-0.090791
20081031	57.93	-0.061102	-0.184603	-0.205222	-0.169425
20081128	58.75	0.022786	-0.084615	-0.13032	-0.074849
20081231	62.19	0.058553	0.022149	0.042154	0.007822
20090130	58.02	-0.067053	-0.077332	-0.024042	-0.085657
20090227	52.25	-0.090831	-0.100184	-0.107667	-0.109931
20090331	54.57	0.044402	0.086693	0.107429	0.085405
20090430	53.29	-0.023456	0.109359	0.19276	0.093925
20090529	58.99	0.106962	0.067789	0.102314	0.053081
20090630	57.49	-0.016952	-0.003098	0.02391	0.000196
20090731	55.06	-0.042268	0.081718	0.085217	0.074142
20090831	56.24	0.030512	0.031466	0.057209	0.03356
20090930	57.07	0.014758	0.045235	0.071233	0.035723
20091030	58.61	0.026984	-0.027998	-0.050612	-0.019762
20091130	63.25	0.088551	0.057099	0.028444	0.057364
20091231	62.44	-0.012806	0.028419	0.054975	0.017771
20100129	62.43	-0.00016	-0.037098	-0.01139	-0.036974
20100226	63.85	0.031555	0.034775	0.033603	0.028514
20100331	66.72	0.044949	0.063605	0.06924	0.058796
20100430	70.59	0.058004	0.020011	0.057837	0.014759
20100528	66.87	-0.044907	-0.079141	-0.076975	-0.081976
20100630	65.87	-0.014954	-0.050721	-0.056671	-0.053882
20100730	69.73	0.0586	0.071554	0.059994	0.068778
20100831	73.06	0.055643	-0.042818	-0.047592	-0.047449
20100930	74.51	0.019847	0.091518	0.096348	0.087551
20101029	77.77	0.043752	0.038532	0.040681	0.036856
20101130	78.3	0.014659	0.005165	0.010661	-0.00229
20101231	76.76	-0.019668	0.067152	0.068745	0.0653
20110131	73.67	-0.040255	0.019157	0.014413	0.022646
20110228	75.68	0.035564	0.038164	0.037036	0.031957
20110331	76.09	0.005417	0.003374	0.008576	-0.001047
20110429	78.31	0.029176	0.028689	0.019201	0.028495
20110531	81.54	0.049036	-0.014933	-0.01855	-0.013501
20110630	84.32	0.034094	-0.018395	-0.024111	-0.018258
20110729	86.48	0.025617	-0.02247	-0.021813	-0.021474
20110831	90.41	0.052498	-0.057471	-0.075715	-0.056791
20110930	87.82	-0.028647	-0.084873	-0.100947	-0.071762
20111031	92.85	0.057276	0.113984	0.107697	0.107723
20111130	95.52	0.036295	-0.006225	-0.020645	-0.005059
20111230	100.33	0.050356	0.003701	-0.003588	0.008533
