Time	Dell	IBM	Microsoft	Risk-Free Return	Date
1990	-0.159090906	0.047808766	0.063218392	0.005852	2716588800
1990.083333	0.351351351	0.065500632	0.067567565	0.005818	2719008000
1990.166667	0.219999999	0.02166065	0.121518984	0.00638	2721600000
1990.25	0.114754096	0.027090695	0.047404062	0.006829	2724278400
1990.333333	0.294117659	0.112018347	0.258620679	0.006404	2726956800
1990.416667	0.147727266	-0.020833334	0.04109589	0.005898	2729462400
1990.5	-0.069306932	-0.051063828	-0.125	0.006704	2732227200
1990.583333	0	-0.07547085	-0.075187966	0.006154	2734905600
1990.666667	-0.255319148	0.04417178	0.024390243	0.005984	2737324800
1990.75	0.214285716	-0.009400705	0.011904762	0.006559	2740176000
1990.833333	0.235294119	0.089774616	0.13333334	0.005651	2742768000
1990.916667	0.409523815	-0.00550055	0.041522492	0.005989	2745446400
1991	0.222972974	0.121681415	0.303986698	0.004637	2748124800
1991.083333	0.116022103	0.025325444	0.057324842	0.004767	2750544000
1991.166667	0.128712878	-0.115533978	0.022891566	0.004391	2752963200
1991.25	-0.179824561	-0.095499448	-0.067137808	0.005335	2755814400
1991.333333	0.05882353	0.04208738	0.108585857	0.004461	2758492800
1991.416667	-0.01010101	-0.084805652	-0.068906605	0.004171	2760912000
1991.5	0.173469394	0.042471044	0.078899086	0.00484	2763763200
1991.583333	0.134782612	-0.031259257	0.159863949	0.00461	2766355200
1991.666667	0.022988506	0.06967742	0.043988269	0.004558	2769033600
1991.75	-0.254681647	-0.051869724	0.054775283	0.004246	2771712000
1991.833333	-0.055276383	-0.04620865	0.035952065	0.003915	2774217600
1991.916667	0.090425529	-0.037837837	0.143958867	0.003792	2776982400
1992	0.243902445	0.011235955	0.080898874	0.003059	2779660800
1992.083333	0.094117649	-0.021277778	0.027027028	0.002828	2782080000
1992.166667	0.043010753	-0.038848922	-0.040485829	0.003376	2784844800
1992.25	0.082474224	0.086826347	-0.069620252	0.003303	2787436800
1992.333333	0.023809524	0.013333334	0.097505666	0.002758	2789942400
1992.416667	-0.325581402	0.0785124	-0.132231399	0.003201	2792707200
1992.5	0.268965513	-0.03192848	0.039285716	0.002892	2795385600
1992.583333	0.097826086	-0.072981529	0.024054984	0.002605	2798064000
1992.666667	0.133663371	-0.067821071	0.080536909	0.002573	2800656000
1992.75	0.192139745	-0.171826631	0.102484472	0.002286	2803248000
1992.833333	0.07692308	0.038654205	0.049295776	0.002346	2805926400
1992.916667	0.306122452	-0.261904776	-0.083221473	0.00227	2808604800
1993	-0.036458332	0.022332506	0.013177159	0.002335	2811110400
1993.083333	-0.305405408	0.066310681	-0.036127169	0.002209	2813529600
1993.166667	0.093385212	-0.064367816	0.109445274	0.002538	2816380800
1993.25	-0.174377218	-0.044226043	-0.075675674	0.002372	2818972800
1993.333333	-0.163793102	0.095938303	0.083333336	0.002168	2821392000
1993.416667	-0.226804122	-0.063981041	-0.049932525	0.002756	2824243200
1993.5	0.073333331	-0.098734178	-0.159090906	0.002402	2826835200
1993.583333	-0.086956523	0.033707865	0.015202703	0.00253	2829600000
1993.666667	-0.095238097	-0.081967212	0.098169714	0.002356	2832192000
1993.75	0.218045116	0.095238097	-0.028787879	0.00221	2834697600
1993.833333	0.339506179	0.176630437	-0.001560062	0.002477	2837462400
1993.916667	-0.165898621	0.048723899	0.0078125	0.002263	2840140800
1994	-0.027624309	0	0.055813953	0.002503	2842819200
1994.083333	0.13636364	-0.059734512	-0.030837005	0.00212	2845238400
1994.166667	0.01	0.033096928	0.027272727	0.002469	2847916800
1994.25	-0.128712878	0.052631579	0.091445431	0.002711	2850422400
1994.333333	0.301136375	0.100000002	0.162162155	0.00315	2853187200
1994.416667	-0.078602619	-0.067460321	-0.039534885	0.003118	2855779200
1994.5	0.061611373	0.053191491	-0.002421308	0.002751	2858284800
1994.583333	0.160714284	0.111111112	0.128640771	0.003687	2861136000
1994.666667	0.151923075	0.016423358	-0.034408603	0.003659	2863728000
1994.75	0.188647747	0.070017956	0.122494429	0.00384	2866406400
1994.833333	-0.032303371	-0.046979867	-0.001984127	0.003691	2868998400
1994.916667	-0.047895502	0.038869258	-0.027833002	0.00443	2871590400
1995	0.039634146	-0.018707482	-0.028629856	0.004156	2874355200
1995.083333	-0.026392963	0.046793763	0.061052632	0.003983	2876774400
1995.166667	0.054216869	0.091362126	0.128968254	0.004134	2879452800
1995.25	0.251428574	0.152207002	0.149384886	0.00445	2881872000
1995.333333	-0.079908676	-0.014531043	0.035932723	0.005355	2884723200
1995.416667	0.193548381	0.032258064	0.067158669	0.004714	2887315200
1995.5	0.081081078	0.134114578	0.001383126	0.004522	2889993600
1995.583333	0.184615389	-0.048220437	0.022099448	0.004637	2892672000
1995.666667	0.103896104	-0.085852481	-0.021621622	0.004309	2895177600
1995.75	0.097058825	0.02910053	0.104972377	0.004714	2897942400
1995.833333	-0.050938338	-0.003856041	-0.128749996	0.004108	2900534400
1995.916667	-0.217514127	-0.054333765	0.007173601	0.004882	2903040000
1996	-0.209386274	0.187414497	0.054131053	0.004278	2905891200
1996.083333	0.255707771	0.132488474	0.066891894	0.003908	2908396800
1996.166667	-0.025454545	-0.092762485	0.044965167	0.003943	2910902400
1996.25	0.369402975	-0.031460673	0.098181821	0.004579	2913667200
1996.333333	0.207084462	-0.006032483	0.048565123	0.003982	2916345600
1996.416667	-0.081264108	-0.07259953	0.011578947	0.004	2918764800
1996.5	0.090909094	0.085858584	-0.01873049	0.004497	2921616000
1996.583333	0.209459454	0.067209303	0.039236479	0.004122	2924208000
1996.666667	0.15828678	0.088524588	0.076530613	0.004375	2926886400
1996.75	0.046623793	0.036144577	0.040758293	0.004246	2929564800
1996.833333	0.248847932	0.238178298	0.142987251	0.003941	2932070400
1996.916667	0.045510456	-0.049411766	0.053386454	0.004404	2934835200
1997	0.244705886	0.035478547	0.234493196	0.004014	2937513600
1997.083333	0.07561437	-0.081434265	-0.044117648	0.003788	2939932800
1997.166667	-0.04920914	-0.045217391	-0.059615385	0.00431	2942611200
1997.25	0.237523109	0.169398904	0.325153381	0.004313	2945203200
1997.333333	0.34428677	0.080373831	0.020576133	0.004263	2947795200
1997.416667	0.043888889	0.0433526	0.019153226	0.003744	2950473600
1997.5	0.456093669	0.171745151	0.119683482	0.004294	2953152000
1997.583333	-0.040204678	-0.039479904	-0.065812722	0.004058	2955657600
1997.666667	0.180502668	0.045622688	0.000945627	0.004576	2958422400
1997.75	-0.172903225	-0.070754714	-0.017477563	0.003911	2961100800
1997.833333	0.050702028	0.113705583	0.088461541	0.003773	2963520000
1997.916667	-0.002227172	-0.044520549	-0.086572438	0.004629	2966371200
1998	0.183779761	-0.056152929	0.154255316	0.004204	2968963200
1998.083333	0.406662464	0.059620254	0.136154175	0.003847	2971382400
1998.166667	-0.031277929	-0.005385996	0.056047197	0.004485	2974147200
1998.25	0.191881925	0.115523465	0.00698324	0.004308	2976739200
1998.333333	0.020510836	0.01592233	-0.058945909	0.003805	2979244800
1998.416667	0.126279861	-0.02287234	0.27781871	0.004021	2982009600
1998.5	0.170033664	0.154055521	0.014417532	0.003873	2984688000
1998.583333	-0.079136692	-0.148339629	-0.127345085	0.004012	2987366400
1998.666667	0.314999998	0.140954495	0.147231266	0.003875	2989958400
1998.75	-0.003802281	0.155642018	-0.038046565	0.003353	2992550400
1998.833333	-0.071564883	0.113434345	0.15230225	0.003233	2995228800
1998.916667	0.20349434	0.116578348	0.13678278	0.003779	2997907200
1999	0.366353542	-0.006101695	0.261829644	0.003494	3000412800
1999.083333	-0.198750004	-0.072469302	-0.142142862	0.003372	3002832000
1999.166667	0.020280812	0.044182621	0.194004998	0.004076	3005683200
1999.25	0.00764526	0.180183351	-0.092747562	0.003784	3008275200
1999.333333	-0.16388467	0.110200182	-0.007686395	0.003463	3010694400
1999.416667	0.074410163	0.114224136	0.117738187	0.004098	3013545600
1999.5	0.104729727	-0.027562862	-0.048510049	0.003658	3016137600
1999.583333	0.194189608	-0.007996022	0.07865987	0.003876	3018902400
1999.666667	-0.143405885	-0.0286001	-0.021607023	0.003705	3021494400
1999.75	-0.040358745	-0.188016534	0.022084195	0.003581	3024000000
1999.833333	0.071651094	0.050203562	-0.016374072	0.003811	3026764800
1999.916667	0.186046511	0.046694968	0.282306492	0.003764	3029443200
2000	-0.246323526	0.0405562	-0.161670238	0.004343	3032121600
2000.083333	0.061788619	-0.083563477	-0.086845465	0.004295	3034627200
2000.166667	0.321592659	0.148418486	0.188811183	0.004377	3037305600
2000.25	-0.070683658	-0.055084746	-0.343529403	0.004595	3039724800
2000.333333	-0.139650866	-0.035829596	-0.103046596	0.004782	3042576000
2000.416667	0.143478259	0.020372527	0.278721273	0.003744	3045168000
2000.5	-0.108998731	0.026240731	-0.127343744	0.004772	3047846400
2000.583333	-0.007112375	0.175141752	0	0.005002	3050524800
2000.666667	-0.293696284	-0.147727266	-0.13607879	0.005093	3053030400
2000.75	-0.042596348	-0.124444447	0.141968906	0.005217	3055795200
2000.833333	-0.347457618	-0.049441624	-0.16696915	0.004966	3058387200
2000.916667	-0.094155841	-0.090909094	-0.24400872	0.004909	3060892800
2001	0.498207897	0.31764707	0.407780975	0.005243	3063744000
2001.083333	-0.162679419	-0.106874987	-0.033776868	0.003653	3066163200
2001.166667	0.17428571	-0.037237249	-0.073093221	0.00432	3068755200
2001.25	0.021508507	0.197130367	0.23885715	0.003864	3071433600
2001.333333	-0.07164631	-0.027792221	0.021107016	0.003183	3074112000
2001.416667	0.073481076	0.010733425	0.055218268	0.002778	3076617600
2001.5	0.029827943	-0.068938062	-0.093287639	0.002999	3079382400
2001.583333	-0.206089899	-0.048664596	-0.138087362	0.002996	3082060800
2001.666667	-0.133302093	-0.082341127	-0.103067502	0.00273	3084480000
2001.75	0.29411757	0.178259909	0.13640812	0.002154	3087331200
2001.833333	0.16472064	0.070879951	0.104213201	0.001749	3089923200
2001.916667	-0.026852846	0.046457332	0.031770766	0.001484	3092601600
2002	0.011405425	-0.108052246	-0.038339637	0.00139	3095280000
2002.083333	-0.101855196	-0.089257546	-0.084288165	0.001285	3097699200
2002.166667	0.057513166	0.059926592	0.033767588	0.001341	3100118400
2002.25	0.008808868	-0.194615364	-0.133477077	0.001546	3102969600
2002.333333	0.019362195	-0.037726898	-0.025832348	0.001442	3105648000
2002.416667	-0.026443239	-0.10503415	0.074445121	0.001312	3108067200
2002.5	-0.046289179	-0.0222222	-0.122851938	0.001507	3110918400
2002.583333	0.06778983	0.072869256	0.022926267	0.001402	3113510400
2002.666667	-0.11682947	-0.226452589	-0.108801953	0.001414	3116188800
2002.75	0.216928974	0.353798658	0.222450823	0.001334	3118867200
2002.833333	-0.000349536	0.102989554	0.078735724	0.001166	3121372800
2002.916667	-0.065034986	-0.108375497	-0.10367544	0.001079	3124137600
2003	-0.107703783	0.009032219	-0.08201164	0.000934	3126816000
2003.083333	0.129924491	-0.001278772	0.002107089	0.000871	3129235200
2003.166667	0.01298221	0.006157837	0.021518916	0.00102	3131913600
2003.25	0.061149765	0.082493961	0.055762101	0.000939	3134505600
2003.333333	0.082470715	0.038869251	-0.037167404	0.000903	3137097600
2003.416667	0.014982445	-0.06292595	0.041852854	0.000984	3139776000
2003.5	0.05778895	-0.015151516	0.030031219	0.000674	3142454400
2003.583333	-0.031472724	0.011323103	0.004165112	0.000689	3144960000
2003.666667	0.024524808	0.077063769	0.048265412	0.000865	3147724800
2003.75	0.07719934	0.013019376	-0.053956829	0.0007	3150403200
2003.833333	-0.03972223	0.013634304	-0.016449897	0.000725	3152822400
2003.916667	-0.017066825	0.023635956	0.064566389	0.000831	3155673600
2004	-0.015891729	0.070673317	0.010230134	0.000696	3158265600
2004.083333	-0.023624316	-0.025899459	-0.040506292	0.000623	3160684800
2004.166667	0.029708954	-0.048290193	-0.060309097	0.000844	3163536000
2004.25	0.03450327	-0.039960783	0.048134729	0.000795	3166128000
2004.333333	0.013226076	0.006805015	0.003827034	0.000603	3168547200
2004.416667	0.016458513	-0.004966642	0.088829584	0.000817	3171398400
2004.5	-0.009771035	-0.012251864	-0.00245097	0.000919	3173990400
2004.583333	-0.017761517	-0.025266996	-0.038961057	0.001116	3176755200
2004.666667	0.021813959	0.012398103	0.012820527	0.001185	3179347200
2004.75	-0.015168458	0.046769328	0.011573226	0.001129	3181852800
2004.833333	0.155733004	0.052033402	0.068644986	0.001541	3184617600
2004.916667	0.039980229	0.046052676	-0.003356962	0.001672	3187296000
2005	-0.009017586	-0.052343309	-0.016467014	0.001661	3189974400
2005.083333	-0.03999038	-0.007064829	-0.039573852	0.001641	3192393600
2005.166667	-0.041656323	-0.012961812	-0.039348163	0.002123	3195072000
2005.25	-0.093440823	-0.164149716	0.046752136	0.002072	3197577600
2005.333333	0.146425441	-0.008248157	0.022924902	0.002395	3200342400
2005.416667	-0.011770629	-0.01786904	-0.037209269	0.002263	3202934400
2005.5	0.025595594	0.124797881	0.030998409	0.002383	3205440000
2005.583333	-0.120336115	-0.031631876	0.07223735	0.00292	3208291200
2005.666667	-0.039325781	-0.004961567	-0.060262952	0.002848	3210883200
2005.75	-0.0678363	0.020693045	-0.001165907	0.002728	3213561600
2005.833333	-0.054234635	0.088177875	0.080155619	0.003045	3216153600
2005.916667	-0.00666639	-0.075365633	-0.055274591	0.00316	3218745600
