Year	Aaa	Baa	Aaa Spread	Baa Spread	Baa-Aaa	30-year Treasury Bond _(H15)	Yield, Long Bond
1919.04167	5.35	7.12			1.77		
1919.125	5.35	7.2			1.85		
1919.20833	5.39	7.15			1.76		
1919.29167	5.44	7.23			1.79		
1919.375	5.39	7.09			1.7		
1919.45833	5.4	7.04			1.64		
1919.54167	5.44	7.06			1.62		
1919.625	5.56	7.13			1.57		
1919.70833	5.6	7.27			1.67		
1919.79167	5.54	7.34			1.8		
1919.875	5.66	7.54			1.88		
1919.95833	5.73	7.77			2.04		
1920.04167	5.75	7.78			2.03		
1920.125	5.86	7.94			2.08		
1920.20833	5.92	7.97			2.05		
1920.29167	6.04	8.17			2.13		
1920.375	6.25	8.39			2.14		
1920.45833	6.38	8.39			2.01		
1920.54167	6.34	8.52			2.18		
1920.625	6.3	8.39			2.09		
1920.70833	6.22	8.14			1.92		
1920.79167	6.05	7.99			1.94		
1920.875	6.08	8.21			2.13		
1920.95833	6.26	8.56			2.3		
1921.04167	6.14	8.5			2.36		
1921.125	6.08	8.42			2.34		
1921.20833	6.08	8.55			2.47		
1921.29167	6.06	8.53			2.47		
1921.375	6.11	8.52			2.41		
1921.45833	6.18	8.56			2.38		
1921.54167	6.12	8.48			2.36		
1921.625	5.99	8.51			2.52		
1921.70833	5.93	8.34			2.41		
1921.79167	5.84	8.34			2.5		
1921.875	5.6	7.88			2.28		
1921.95833	5.5	7.61			2.11		
1922.04167	5.34	7.7			2.36		
1922.125	5.29	7.55			2.26		
1922.20833	5.23	7.45			2.22		
1922.29167	5.15	7.14			1.99		
1922.375	5.13	6.89			1.76		
1922.45833	5.08	6.97			1.89		
1922.54167	5	6.89			1.89		
1922.625	4.96	6.85			1.89		
1922.70833	4.93	6.75			1.82		
1922.79167	4.97	6.78			1.81		
1922.875	5.09	6.98			1.89		
1922.95833	5.08	7.02			1.94		
1923.04167	5.04	6.98			1.94		
1923.125	5.07	6.97			1.9		
1923.20833	5.13	7.09			1.96		
1923.29167	5.22	7.17			1.95		
1923.375	5.16	7.17			2.01		
1923.45833	5.15	7.21			2.06		
1923.54167	5.14	7.34			2.2		
1923.625	5.08	7.38			2.3		
1923.70833	5.12	7.38			2.26		
1923.79167	5.11	7.46			2.35		
1923.875	5.09	7.4			2.31		
1923.95833	5.09	7.38			2.29		
1924.04167	5.09	7.24			2.15		
1924.125	5.09	7.14			2.05		
1924.20833	5.1	7.08			1.98		
1924.29167	5.08	7.03			1.95		
1924.375	5.04	6.97			1.93		
1924.45833	4.99	6.82			1.83		
1924.54167	4.95	6.67			1.72		
1924.625	4.95	6.69			1.74		
1924.70833	4.95	6.73			1.78		
1924.79167	4.92	6.62			1.7		
1924.875	4.94	6.54			1.6		
1924.95833	4.95	6.46			1.51		
1925.04167	4.95	6.44			1.49		
1925.125	4.95	6.36			1.41		
1925.20833	4.91	6.36			1.45		
1925.29167	4.87	6.41			1.54		
1925.375	4.83	6.3			1.47		
1925.45833	4.83	6.18			1.35		
1925.54167	4.87	6.2			1.33		
1925.625	4.9	6.24			1.34		
1925.70833	4.87	6.2			1.33		
1925.79167	4.85	6.17			1.32		
1925.875	4.84	6.17			1.33		
1925.95833	4.85	6.15			1.3		
1926.04167	4.82	6.09			1.27		
1926.125	4.77	6.02			1.25		
1926.20833	4.79	6.05			1.26		
1926.29167	4.74	5.98			1.24		
1926.375	4.71	5.86			1.15		
1926.45833	4.72	5.8			1.08		
1926.54167	4.71	5.79			1.08		
1926.625	4.72	5.81			1.09		
1926.70833	4.72	5.79			1.07		
1926.79167	4.71	5.81			1.1		
1926.875	4.68	5.77			1.09		
1926.95833	4.68	5.68			1		
1927.04167	4.66	5.61			0.95		
1927.125	4.67	5.59			0.92		
1927.20833	4.62	5.54			0.92		
1927.29167	4.58	5.48			0.9		
1927.375	4.57	5.5			0.93		
1927.45833	4.58	5.55			0.97		
1927.54167	4.6	5.55			0.95		
1927.625	4.56	5.48			0.92		
1927.70833	4.54	5.42			0.88		
1927.79167	4.51	5.38			0.87		
1927.875	4.49	5.35			0.86		
1927.95833	4.46	5.32			0.86		
1928.04167	4.46	5.35			0.89		
1928.125	4.46	5.33			0.87		
1928.20833	4.46	5.32			0.86		
1928.29167	4.46	5.33			0.87		
1928.375	4.49	5.42			0.93		
1928.45833	4.57	5.55			0.98		
1928.54167	4.61	5.58			0.97		
1928.625	4.64	5.61			0.97		
1928.70833	4.61	5.59			0.98		
1928.79167	4.61	5.58			0.97		
1928.875	4.58	5.55			0.97		
1928.95833	4.61	5.6			0.99		
1929.04167	4.62	5.63			1.01		
1929.125	4.66	5.66			1		
1929.20833	4.7	5.79			1.09		
1929.29167	4.69	5.8			1.11		
1929.375	4.7	5.8			1.1		
1929.45833	4.77	5.94			1.17		
1929.54167	4.77	5.95			1.18		
1929.625	4.79	6.04			1.25		
1929.70833	4.8	6.12			1.32		
1929.79167	4.77	6.11			1.34		
1929.875	4.76	6.03			1.27		
1929.95833	4.67	5.95			1.28		
1930.04167	4.66	5.92			1.26		
1930.125	4.69	5.89			1.2		
1930.20833	4.62	5.73			1.11		
1930.29167	4.6	5.7			1.1		
1930.375	4.6	5.72			1.12		
1930.45833	4.57	5.78			1.21		
1930.54167	4.52	5.77			1.25		
1930.625	4.47	5.73			1.26		
1930.70833	4.42	5.65			1.23		
1930.79167	4.42	5.94			1.52		
1930.875	4.47	6.25			1.78		
1930.95833	4.52	6.71			2.19		
1931.04167	4.42	6.41			1.99		
1931.125	4.43	6.38			1.95		
1931.20833	4.39	6.44			2.05		
1931.29167	4.4	6.72			2.32		
1931.375	4.37	7.15			2.78		
1931.45833	4.36	7.36			3		
1931.54167	4.36	7.08			2.72		
1931.625	4.4	7.47			3.07		
1931.70833	4.55	8.07			3.52		
1931.79167	4.99	9.04			4.05		
1931.875	4.94	8.93			3.99		
1931.95833	5.32	10.42			5.1		
1932.04167	5.2	9.13			3.93		
1932.125	5.23	8.87			3.64		
1932.20833	4.98	8.83			3.85		
1932.29167	5.17	10.46			5.29		
1932.375	5.36	11			5.64		
1932.45833	5.41	11			5.59		
1932.54167	5.26	10.79			5.53		
1932.625	4.91	8.22			3.31		
1932.70833	4.7	7.61			2.91		
1932.79167	4.64	7.87			3.23		
1932.875	4.63	8.24			3.61		
1932.95833	4.59	8.42			3.83		
1933.04167	4.44	8.01			3.57		
1933.125	4.48	8.37			3.89		
1933.20833	4.68	8.91			4.23		
1933.29167	4.78	9.12			4.34		
1933.375	4.63	7.74			3.11		
1933.45833	4.46	7.07			2.61		
1933.54167	4.36	6.62			2.26		
1933.625	4.3	6.77			2.47		
1933.70833	4.36	7.27			2.91		
1933.79167	4.34	7.49			3.15		
1933.875	4.54	7.98			3.44		
1933.95833	4.5	7.75			3.25		
1934.04167	4.35	7.01			2.66		
1934.125	4.2	6.27			2.07		
1934.20833	4.13	6.26			2.13		
1934.29167	4.07	6.01			1.94		
1934.375	4.01	6.05			2.04		
1934.45833	3.93	6.06			2.13		
1934.54167	3.89	6.13			2.24		
1934.625	3.93	6.49			2.56		
1934.70833	3.96	6.57			2.61		
1934.79167	3.9	6.4			2.5		
1934.875	3.86	6.37			2.51		
1934.95833	3.81	6.23			2.42		
1935.04167	3.77	5.98			2.21		
1935.125	3.69	5.95			2.26		
1935.20833	3.67	6.2			2.53		
1935.29167	3.66	6.13			2.47		
1935.375	3.65	5.94			2.29		
1935.45833	3.61	5.77			2.16		
1935.54167	3.56	5.67			2.11		
1935.625	3.6	5.58			1.98		
1935.70833	3.59	5.53			1.94		
1935.79167	3.52	5.54			2.02		
1935.875	3.47	5.43			1.96		
1935.95833	3.44	5.3			1.86		
1936.04167	3.37	5			1.63		
1936.125	3.32	4.8			1.48		
1936.20833	3.29	4.86			1.57		
1936.29167	3.29	4.91			1.62		
1936.375	3.27	4.94			1.67		
1936.45833	3.24	4.9			1.66		
1936.54167	3.23	4.84			1.61		
1936.625	3.21	4.74			1.53		
1936.70833	3.18	4.62			1.44		
1936.79167	3.18	4.54			1.36		
1936.875	3.15	4.52			1.37		
1936.95833	3.1	4.53			1.43		
1937.04167	3.1	4.49			1.39		
1937.125	3.22	4.53			1.31		
1937.20833	3.32	4.68			1.36		
1937.29167	3.42	4.84			1.42		
1937.375	3.33	4.84			1.51		
1937.45833	3.28	4.93			1.65		
1937.54167	3.25	4.91			1.66		
1937.625	3.24	4.92			1.68		
1937.70833	3.28	5.16			1.88		
1937.79167	3.27	5.52			2.25		
1937.875	3.24	5.82			2.58		
1937.95833	3.21	5.73			2.52		
1938.04167	3.17	5.89			2.72		
1938.125	3.2	5.97			2.77		
1938.20833	3.22	6.3			3.08		
1938.29167	3.3	6.47			3.17		
1938.375	3.22	6.06			2.84		
1938.45833	3.26	6.25			2.99		
1938.54167	3.22	5.63			2.41		
1938.625	3.18	5.49			2.31		
1938.70833	3.21	5.65			2.44		
1938.79167	3.15	5.36			2.21		
1938.875	3.1	5.23			2.13		
1938.95833	3.08	5.27			2.19		
1939.04167	3.01	5.12			2.11		
1939.125	3	5.05			2.05		
1939.20833	2.99	4.89			1.9		
1939.29167	3.02	5.15			2.13		
1939.375	2.97	5.07			2.1		
1939.45833	2.92	4.91			1.99		
1939.54167	2.89	4.84			1.95		
1939.625	2.93	4.85			1.92		
1939.70833	3.25	5			1.75		
1939.79167	3.15	4.88			1.73		
1939.875	3	4.85			1.85		
1939.95833	2.94	4.92			1.98		
1940.04167	2.88	4.86			1.98		
1940.125	2.86	4.83			1.97		
1940.20833	2.84	4.8			1.96		
1940.29167	2.82	4.74			1.92		
1940.375	2.93	4.94			2.01		
1940.45833	2.96	5.11			2.15		
1940.54167	2.88	4.8			1.92		
1940.625	2.85	4.76			1.91		
1940.70833	2.82	4.66			1.84		
1940.79167	2.79	4.56			1.77		
1940.875	2.75	4.48			1.73		
1940.95833	2.71	4.45			1.74		
1941.04167	2.75	4.38			1.63		
1941.125	2.78	4.42			1.64		
1941.20833	2.8	4.38			1.58		
1941.29167	2.82	4.33			1.51		
1941.375	2.81	4.32			1.51		
1941.45833	2.77	4.31			1.54		
1941.54167	2.74	4.28			1.54		
1941.625	2.74	4.27			1.53		
1941.70833	2.75	4.3			1.55		
1941.79167	2.73	4.28			1.55		
1941.875	2.72	4.28			1.56		
1941.95833	2.8	4.38			1.58		
1942.04167	2.83	4.29			1.46		
1942.125	2.85	4.29			1.44		
1942.20833	2.86	4.3			1.44		
1942.29167	2.83	4.26			1.43		
1942.375	2.85	4.27			1.42		
1942.45833	2.85	4.33			1.48		
1942.54167	2.83	4.3			1.47		
1942.625	2.81	4.28			1.47		
1942.70833	2.8	4.26			1.46		
1942.79167	2.8	4.24			1.44		
1942.875	2.79	4.25			1.46		
1942.95833	2.81	4.28			1.47		
1943.04167	2.79	4.16			1.37		
1943.125	2.77	4.08			1.31		
1943.20833	2.76	4.01			1.25		
1943.29167	2.76	3.96			1.2		
1943.375	2.74	3.91			1.17		
1943.45833	2.72	3.88			1.16		
1943.54167	2.69	3.81			1.12		
1943.625	2.69	3.81			1.12		
1943.70833	2.69	3.83			1.14		
1943.79167	2.7	3.82			1.12		
1943.875	2.71	3.83			1.12		
1943.95833	2.74	3.82			1.08		
1944.04167	2.72	3.76			1.04		
1944.125	2.74	3.72			0.98		
1944.20833	2.74	3.7			0.96		
1944.29167	2.74	3.68			0.94		
1944.375	2.73	3.63			0.9		
1944.45833	2.73	3.59			0.86		
1944.54167	2.72	3.57			0.85		
1944.625	2.71	3.55			0.84		
1944.70833	2.72	3.56			0.84		
1944.79167	2.72	3.55			0.83		
1944.875	2.72	3.53			0.81		
1944.95833	2.7	3.49			0.79		
1945.04167	2.69	3.46			0.77		
1945.125	2.65	3.41			0.76		
1945.20833	2.62	3.38			0.76		
1945.29167	2.61	3.36			0.75		
1945.375	2.62	3.32			0.7		
1945.45833	2.61	3.29			0.68		
1945.54167	2.6	3.26			0.66		
1945.625	2.61	3.26			0.65		
1945.70833	2.62	3.24			0.62		
1945.79167	2.62	3.2			0.58		
1945.875	2.62	3.15			0.53		
1945.95833	2.61	3.1			0.49		
1946.04167	2.54	3.01			0.47		
1946.125	2.48	2.95			0.47		
1946.20833	2.47	2.94			0.47		
1946.29167	2.46	2.96			0.5		
1946.375	2.51	3.02			0.51		
1946.45833	2.49	3.03			0.54		
1946.54167	2.48	3.03			0.55		
1946.625	2.51	3.03			0.52		
1946.70833	2.58	3.1			0.52		
1946.79167	2.6	3.15			0.55		
1946.875	2.59	3.17			0.58		
1946.95833	2.61	3.17			0.56		
1947.04167	2.57	3.13			0.56		
1947.125	2.55	3.12			0.57		
1947.20833	2.55	3.15			0.6		
1947.29167	2.53	3.16			0.63		
1947.375	2.53	3.17			0.64		
1947.45833	2.55	3.21			0.66		
1947.54167	2.55	3.18			0.63		
1947.625	2.56	3.17			0.61		
1947.70833	2.61	3.23			0.62		
1947.79167	2.7	3.35			0.65		
1947.875	2.77	3.44			0.67		
1947.95833	2.86	3.52			0.66		
1948.04167	2.86	3.52			0.66		
1948.125	2.85	3.53			0.68		
1948.20833	2.83	3.53			0.7		
1948.29167	2.78	3.47			0.69		
1948.375	2.76	3.38			0.62		
1948.45833	2.76	3.34			0.58		
1948.54167	2.81	3.37			0.56		
1948.625	2.84	3.44			0.6		
1948.70833	2.84	3.45			0.61		
1948.79167	2.84	3.5			0.66		
1948.875	2.84	3.53			0.69		
1948.95833	2.79	3.53			0.74		
1949.04167	2.71	3.46			0.75		
1949.125	2.71	3.45			0.74		
1949.20833	2.7	3.47			0.77		
1949.29167	2.7	3.45			0.75		
1949.375	2.71	3.45			0.74		
1949.45833	2.71	3.47			0.76		
1949.54167	2.67	3.46			0.79		
1949.625	2.62	3.4			0.78		
1949.70833	2.6	3.37			0.77		
1949.79167	2.61	3.36			0.75		
1949.875	2.6	3.35			0.75		
1949.95833	2.58	3.31			0.73		
1950.04167	2.57	3.24			0.67		
1950.125	2.58	3.24			0.66		
1950.20833	2.58	3.24			0.66		
1950.29167	2.6	3.23			0.63		
1950.375	2.61	3.25			0.64		
1950.45833	2.62	3.28			0.66		
1950.54167	2.65	3.32			0.67		
1950.625	2.61	3.23			0.62		
1950.70833	2.64	3.21			0.57		
1950.79167	2.67	3.22			0.55		
1950.875	2.67	3.22			0.55		
1950.95833	2.67	3.2			0.53		
1951.04167	2.66	3.17			0.51		
1951.125	2.66	3.16			0.5		
1951.20833	2.78	3.23			0.45		
1951.29167	2.87	3.35			0.48		
1951.375	2.89	3.4			0.51		
1951.45833	2.94	3.49			0.55		
1951.54167	2.94	3.53			0.59		
1951.625	2.88	3.5			0.62		
1951.70833	2.84	3.46			0.62		
1951.79167	2.89	3.5			0.61		
1951.875	2.96	3.56			0.6		
1951.95833	3.01	3.61			0.6		
1952.04167	2.98	3.59			0.61		
1952.125	2.93	3.53			0.6		
1952.20833	2.96	3.51			0.55		
1952.29167	2.93	3.5			0.57		
1952.375	2.93	3.49			0.56		
1952.45833	2.94	3.5			0.56		
1952.54167	2.95	3.5			0.55		
1952.625	2.94	3.51			0.57		
1952.70833	2.95	3.52			0.57		
1952.79167	3.01	3.54			0.53		
1952.875	2.98	3.53			0.55		
1952.95833	2.97	3.51			0.54		
1953.04167	3.02	3.51			0.49		
1953.125	3.07	3.53			0.46		
1953.20833	3.12	3.57			0.45		
1953.29167	3.23	3.65	0.15	0.57	0.42		3.08
1953.375	3.34	3.78	0.16	0.6	0.44		3.18
1953.45833	3.4	3.86	0.19	0.65	0.46		3.21
1953.54167	3.28	3.86	0.16	0.74	0.58		3.12
1953.625	3.24	3.85	0.14	0.75	0.61		3.1
1953.70833	3.29	3.88	0.22	0.81	0.59		3.07
1953.79167	3.16	3.82	0.21	0.87	0.66		2.95
1953.875	3.11	3.75	0.16	0.8	0.64		2.95
1953.95833	3.13	3.74	0.24	0.85	0.61		2.89
1954.04167	3.06	3.71	0.26	0.91	0.65		2.8
1954.125	2.95	3.61	0.23	0.89	0.66		2.72
1954.20833	2.86	3.51	0.25	0.9	0.65		2.61
1954.29167	2.85	3.47	0.25	0.87	0.62		2.6
1954.375	2.88	3.47	0.22	0.81	0.59		2.66
1954.45833	2.9	3.49	0.26	0.85	0.59		2.64
1954.54167	2.89	3.5	0.32	0.93	0.61		2.57
1954.625	2.87	3.49	0.29	0.91	0.62		2.58
1954.70833	2.89	3.47	0.29	0.87	0.58		2.6
1954.79167	2.87	3.46	0.26	0.85	0.59		2.61
1954.875	2.89	3.45	0.24	0.8	0.56		2.65
1954.95833	2.9	3.45	0.23	0.78	0.55		2.67
1955.04167	2.93	3.45	0.18	0.7	0.52		2.75
1955.125	2.93	3.47	0.1	0.64	0.54		2.83
1955.20833	3.02	3.48	0.18	0.64	0.46		2.84
1955.29167	3.01	3.49	0.16	0.64	0.48		2.85
1955.375	3.04	3.5	0.17	0.63	0.46		2.87
1955.45833	3.05	3.51	0.19	0.65	0.46		2.86
1955.54167	3.06	3.52	0.12	0.58	0.46		2.94
1955.625	3.11	3.56	0.1	0.55	0.45		3.01
1955.70833	3.13	3.59	0.13	0.59	0.46		3
1955.79167	3.1	3.59	0.17	0.66	0.49		2.93
1955.875	3.1	3.58	0.17	0.65	0.48		2.93
1955.95833	3.15	3.62	0.17	0.64	0.47		2.98
1956.04167	3.11	3.6	0.17	0.66	0.49		2.94
1956.125	3.08	3.58	0.17	0.67	0.5		2.91
1956.20833	3.1	3.6	0.11	0.61	0.5		2.99
1956.29167	3.24	3.68	0.1	0.54	0.44		3.14
1956.375	3.28	3.73	0.22	0.67	0.45		3.06
1956.45833	3.26	3.76	0.26	0.76	0.5		3
1956.54167	3.28	3.8	0.2	0.72	0.52		3.08
1956.625	3.43	3.93	0.21	0.71	0.5		3.22
1956.70833	3.56	4.07	0.28	0.79	0.51		3.28
1956.79167	3.59	4.17	0.33	0.91	0.58		3.26
1956.875	3.69	4.24	0.32	0.87	0.55		3.37
1956.95833	3.75	4.37	0.3	0.92	0.62		3.45
1957.04167	3.77	4.49	0.36	1.08	0.72		3.41
1957.125	3.67	4.47	0.37	1.17	0.8		3.3
1957.20833	3.66	4.43	0.34	1.11	0.77		3.32
1957.29167	3.67	4.44	0.27	1.04	0.77		3.4
1957.375	3.74	4.52	0.25	1.03	0.78		3.49
1957.45833	3.91	4.63	0.26	0.98	0.72		3.65
1957.54167	3.99	4.73	0.27	1.01	0.74		3.72
1957.625	4.1	4.82	0.35	1.07	0.72		3.75
1957.70833	4.12	4.93	0.39	1.2	0.81		3.73
1957.79167	4.1	4.99	0.34	1.23	0.89		3.76
1957.875	4.08	5.09	0.47	1.48	1.01		3.61
1957.95833	3.81	5.03	0.43	1.65	1.22		3.38
1958.04167	3.6	4.83	0.33	1.56	1.23		3.27
1958.125	3.59	4.66	0.28	1.35	1.07		3.31
1958.20833	3.63	4.68	0.34	1.39	1.05		3.29
1958.29167	3.6	4.67	0.43	1.5	1.07		3.17
1958.375	3.57	4.62	0.4	1.45	1.05		3.17
1958.45833	3.57	4.55	0.34	1.32	0.98		3.23
1958.54167	3.67	4.53	0.28	1.14	0.86		3.39
1958.625	3.85	4.67	0.2	1.02	0.82		3.65
1958.70833	4.09	4.87	0.29	1.07	0.78		3.8
1958.79167	4.11	4.92	0.3	1.11	0.81		3.81
1958.875	4.09	4.87	0.33	1.11	0.78		3.76
1958.95833	4.08	4.85	0.22	0.99	0.77		3.86
1959.04167	4.12	4.87	0.17	0.92	0.75		3.95
1959.125	4.14	4.89	0.18	0.93	0.75		3.96
1959.20833	4.13	4.85	0.14	0.86	0.72		3.99
1959.29167	4.23	4.86	0.17	0.8	0.63		4.06
1959.375	4.37	4.96	0.24	0.83	0.59		4.13
1959.45833	4.46	5.04	0.32	0.9	0.58		4.14
1959.54167	4.47	5.08	0.31	0.92	0.61		4.16
1959.625	4.43	5.09	0.28	0.94	0.66		4.15
1959.70833	4.52	5.18	0.23	0.89	0.66		4.29
1959.79167	4.57	5.28	0.38	1.09	0.71		4.19
1959.875	4.56	5.26	0.36	1.06	0.7		4.2
1959.95833	4.58	5.28	0.25	0.95	0.7		4.33
1960.04167	4.61	5.34	0.19	0.92	0.73		4.42
1960.125	4.56	5.34	0.28	1.06	0.78		4.28
1960.20833	4.49	5.25	0.35	1.11	0.76		4.14
1960.29167	4.45	5.2	0.22	0.97	0.75		4.23
1960.375	4.46	5.28	0.26	1.08	0.82		4.2
1960.45833	4.45	5.26	0.41	1.22	0.81		4.04
1960.54167	4.41	5.22	0.5	1.31	0.81		3.91
1960.625	4.28	5.08	0.44	1.24	0.8		3.84
1960.70833	4.25	5.01	0.39	1.15	0.76		3.86
1960.79167	4.3	5.11	0.38	1.19	0.81		3.92
1960.875	4.31	5.08	0.35	1.12	0.77		3.96
1960.95833	4.35	5.1	0.44	1.19	0.75		3.91
1961.04167	4.32	5.1	0.42	1.2	0.78		3.9
1961.125	4.27	5.07	0.43	1.23	0.8		3.84
1961.20833	4.22	5.02	0.41	1.21	0.8		3.81
1961.29167	4.25	5.01	0.44	1.2	0.76		3.81
1961.375	4.27	5.01	0.53	1.27	0.74		3.74
1961.45833	4.33	5.03	0.44	1.14	0.7		3.89
1961.54167	4.41	5.09	0.48	1.16	0.68		3.93
1961.625	4.45	5.11	0.41	1.07	0.66		4.04
1961.70833	4.45	5.12	0.41	1.08	0.67		4.04
1961.79167	4.42	5.13	0.41	1.12	0.71		4.01
1961.875	4.39	5.11	0.39	1.11	0.72		4
1961.95833	4.42	5.1	0.35	1.03	0.68		4.07
1962.04167	4.42	5.08	0.32	0.98	0.66		4.1
1962.125	4.42	5.07	0.3	0.95	0.65		4.12
1962.20833	4.39	5.04	0.35	1	0.65		4.04
1962.29167	4.33	5.02	0.4	1.09	0.69		3.93
1962.375	4.28	5	0.36	1.08	0.72		3.92
1962.45833	4.28	5.02	0.32	1.06	0.74		3.96
1962.54167	4.34	5.05	0.29	1	0.71		4.05
1962.625	4.35	5.06	0.34	1.05	0.71		4.01
1962.70833	4.32	5.03	0.32	1.03	0.71		4
1962.79167	4.28	4.99	0.34	1.05	0.71		3.94
1962.875	4.25	4.96	0.32	1.03	0.71		3.93
1962.95833	4.24	4.92	0.32	1	0.68		3.92
1963.04167	4.21	4.91	0.28	0.98	0.7		3.93
1963.125	4.19	4.89	0.22	0.92	0.7		3.97
1963.20833	4.19	4.88	0.21	0.9	0.69		3.98
1963.29167	4.21	4.87	0.18	0.84	0.66		4.03
1963.375	4.22	4.85	0.2	0.83	0.63		4.02
1963.45833	4.23	4.84	0.21	0.82	0.61		4.02
1963.54167	4.26	4.84	0.2	0.78	0.58		4.06
1963.625	4.29	4.83	0.26	0.8	0.54		4.03
1963.70833	4.31	4.84	0.22	0.75	0.53		4.09
1963.79167	4.32	4.83	0.2	0.71	0.51		4.12
1963.875	4.33	4.84	0.17	0.68	0.51		4.16
1963.95833	4.35	4.85	0.16	0.66	0.5		4.19
1964.04167	4.39	4.83	0.2	0.64	0.44		4.19
1964.125	4.36	4.83	0.19	0.66	0.47		4.17
1964.20833	4.38	4.83	0.16	0.61	0.45		4.22
1964.29167	4.4	4.85	0.16	0.61	0.45		4.24
1964.375	4.41	4.85	0.21	0.65	0.44		4.2
1964.45833	4.41	4.85	0.24	0.68	0.44		4.17
1964.54167	4.4	4.83	0.24	0.67	0.43		4.16
1964.625	4.41	4.82	0.23	0.64	0.41		4.18
1964.70833	4.42	4.82	0.22	0.62	0.4		4.2
1964.79167	4.42	4.81	0.22	0.61	0.39		4.2
1964.875	4.43	4.81	0.26	0.64	0.38		4.17
1964.95833	4.44	4.81	0.26	0.63	0.37		4.18
1965.04167	4.43	4.8	0.24	0.61	0.37		4.19
1965.125	4.41	4.78	0.2	0.57	0.37		4.21
1965.20833	4.42	4.78	0.22	0.58	0.36		4.2
1965.29167	4.43	4.8	0.23	0.6	0.37		4.2
1965.375	4.44	4.81	0.23	0.6	0.37		4.21
1965.45833	4.46	4.85	0.25	0.64	0.39		4.21
1965.54167	4.48	4.88	0.27	0.67	0.4		4.21
1965.625	4.49	4.88	0.24	0.63	0.39		4.25
1965.70833	4.52	4.91	0.22	0.61	0.39		4.3
1965.79167	4.56	4.93	0.24	0.61	0.37		4.32
1965.875	4.6	4.95	0.2	0.55	0.35		4.4
1965.95833	4.68	5.02	0.18	0.52	0.34		4.5
1966.04167	4.74	5.06	0.22	0.54	0.32		4.52
1966.125	4.78	5.12	0.07	0.41	0.34		4.71
1966.20833	4.92	5.32	0.2	0.6	0.4		4.72
1966.29167	4.96	5.41	0.31	0.76	0.45		4.65
1966.375	4.98	5.48	0.29	0.79	0.5		4.69
1966.45833	5.07	5.58	0.34	0.85	0.51		4.73
1966.54167	5.16	5.68	0.32	0.84	0.52		4.84
1966.625	5.31	5.83	0.36	0.88	0.52		4.95
1966.70833	5.49	6.09	0.55	1.15	0.6		4.94
1966.79167	5.41	6.1	0.58	1.27	0.69		4.83
1966.875	5.35	6.13	0.48	1.26	0.78		4.87
1966.95833	5.39	6.18	0.63	1.42	0.79		4.76
1967.04167	5.2	5.97	0.69	1.46	0.77		4.51
1967.125	5.03	5.82	0.42	1.21	0.79		4.61
1967.20833	5.13	5.85	0.57	1.29	0.72		4.56
1967.29167	5.11	5.83	0.47	1.19	0.72		4.64
1967.375	5.24	5.96	0.34	1.06	0.72		4.9
1967.45833	5.44	6.15	0.45	1.16	0.71		4.99
1967.54167	5.58	6.26	0.57	1.25	0.68		5.01
1967.625	5.62	6.33	0.5	1.21	0.71		5.12
1967.70833	5.65	6.4	0.49	1.24	0.75		5.16
1967.79167	5.82	6.52	0.46	1.16	0.7		5.36
1967.875	6.07	6.72	0.41	1.06	0.65		5.66
1967.95833	6.19	6.93	0.6	1.34	0.74		5.59
1968.04167	6.17	6.84	0.78	1.45	0.67		5.39
1968.125	6.1	6.8	0.72	1.42	0.7		5.38
1968.20833	6.11	6.85	0.52	1.26	0.74		5.59
1968.29167	6.21	6.97	0.75	1.51	0.76		5.46
1968.375	6.27	7.03	0.72	1.48	0.76		5.55
1968.45833	6.28	7.07	0.88	1.67	0.79		5.4
1968.54167	6.24	6.98	0.95	1.69	0.74		5.29
1968.625	6.02	6.82	0.79	1.59	0.8		5.23
1968.70833	5.97	6.79	0.69	1.51	0.82		5.28
1968.79167	6.09	6.84	0.65	1.4	0.75		5.44
1968.875	6.19	7.01	0.63	1.45	0.82		5.56
1968.95833	6.45	7.23	0.57	1.35	0.78		5.88
1969.04167	6.59	7.32	0.6	1.33	0.73		5.99
1969.125	6.66	7.3	0.55	1.19	0.64		6.11
1969.20833	6.85	7.51	0.63	1.29	0.66		6.22
1969.29167	6.89	7.54	0.86	1.51	0.65		6.03
1969.375	6.79	7.52	0.68	1.41	0.73		6.11
1969.45833	6.98	7.7	0.7	1.42	0.72		6.28
1969.54167	7.08	7.84	0.81	1.57	0.76		6.27
1969.625	6.97	7.86	0.75	1.64	0.89		6.22
1969.70833	7.14	8.05	0.59	1.5	0.91		6.55
1969.79167	7.33	8.22	0.84	1.73	0.89		6.49
1969.875	7.35	8.25	0.61	1.51	0.9		6.74
1969.95833	7.72	8.65	0.81	1.74	0.93		6.91
1970.04167	7.91	8.86	0.99	1.94	0.95		6.92
1970.125	7.93	8.78	1.26	2.11	0.85		6.67
1970.20833	7.84	8.63	1.12	1.91	0.79		6.72
1970.29167	7.83	8.7	0.98	1.85	0.87		6.85
1970.375	8.11	8.98	0.87	1.74	0.87		7.24
1970.45833	8.48	9.25	1.14	1.91	0.77		7.34
1970.54167	8.44	9.4	1.52	2.48	0.96		6.92
1970.625	8.13	9.44	1.06	2.37	1.31		7.07
1970.70833	8.09	9.39	1.21	2.51	1.3		6.88
1970.79167	8.03	9.33	1.15	2.45	1.3		6.88
1970.875	8.05	9.38	1.47	2.8	1.33		6.58
1970.95833	7.64	9.12	1.36	2.84	1.48		6.28
1971.04167	7.36	8.74	1.18	2.56	1.38		6.18
1971.125	7.08	8.39	0.94	2.25	1.31		6.14
1971.20833	7.21	8.46	1.27	2.52	1.25		5.94
1971.29167	7.25	8.45	1.25	2.45	1.2		6
1971.375	7.53	8.62	1.21	2.3	1.09		6.32
1971.45833	7.64	8.75	1.26	2.37	1.11		6.38
1971.54167	7.64	8.76	1.26	2.38	1.12		6.38
1971.625	7.59	8.76	1.32	2.49	1.17		6.27
1971.70833	7.44	8.59	1.39	2.54	1.15		6.05
1971.79167	7.39	8.48	1.47	2.56	1.09		5.92
1971.875	7.26	8.38	1.4	2.52	1.12		5.86
1971.95833	7.25	8.38	1.25	2.38	1.13		6
1972.04167	7.19	8.23	1.18	2.22	1.04		6.01
1972.125	7.27	8.23	1.21	2.17	0.96		6.06
1972.20833	7.24	8.24	1.18	2.18	1		6.06
1972.29167	7.3	8.24	1.14	2.08	0.94		6.16
1972.375	7.3	8.23	1.23	2.16	0.93		6.07
1972.45833	7.23	8.2	1.22	2.19	0.97		6.01
1972.54167	7.21	8.23	1.2	2.22	1.02		6.01
1972.625	7.19	8.19	1.25	2.25	1		5.94
1972.70833	7.22	8.09	1.17	2.04	0.87		6.05
1972.79167	7.21	8.06	1.21	2.06	0.85		6
1972.875	7.12	7.99	1.33	2.2	0.87		5.79
1972.95833	7.08	7.93	1.12	1.97	0.85		5.96
1973.04167	7.15	7.9	0.37	1.12	0.75		6.78
1973.125	7.22	7.97	0.34	1.09	0.75		6.88
1973.20833	7.29	8.03	0.38	1.12	0.74		6.91
1973.29167	7.26	8.09	0.4	1.23	0.83		6.86
1973.375	7.29	8.06	0.3	1.07	0.77		6.99
1973.45833	7.37	8.13	0.31	1.07	0.76		7.06
1973.54167	7.45	8.24	0.16	0.95	0.79		7.29
1973.625	7.68	8.53	0.07	0.92	0.85		7.61
1973.70833	7.63	8.63	0.38	1.38	1		7.25
1973.79167	7.6	8.41	0.42	1.23	0.81		7.18
1973.875	7.67	8.42	0.37	1.12	0.75		7.3
1973.95833	7.68	8.48	0.39	1.19	0.8		7.29
1974.04167	7.83	8.48	0.36	1.01	0.65		7.47
1974.125	7.85	8.53	0.39	1.07	0.68		7.46
1974.20833	8.01	8.62	0.28	0.89	0.61		7.73
1974.29167	8.25	8.87	0.24	0.86	0.62		8.01
1974.375	8.37	9.05	0.23	0.91	0.68		8.14
1974.45833	8.47	9.27	0.37	1.17	0.8		8.1
1974.54167	8.72	9.48	0.46	1.22	0.76		8.26
1974.625	9	9.77	0.4	1.17	0.77		8.6
1974.70833	9.24	10.18	0.65	1.59	0.94		8.59
1974.79167	9.27	10.48	0.9	2.11	1.21		8.37
1974.875	8.89	10.6	0.91	2.62	1.71		7.98
1974.95833	8.89	10.63	0.98	2.72	1.74		7.91
1975.04167	8.83	10.81	0.95	2.93	1.98		7.88
1975.125	8.62	10.65	0.91	2.94	2.03		7.71
1975.20833	8.67	10.48	0.68	2.49	1.81		7.99
1975.29167	8.95	10.58	0.59	2.22	1.63		8.36
1975.375	8.9	10.69	0.68	2.47	1.79		8.22
1975.45833	8.77	10.62	0.73	2.58	1.85		8.04
1975.54167	8.84	10.55	0.67	2.38	1.71		8.17
1975.625	8.95	10.59	0.45	2.09	1.64		8.5
1975.70833	8.95	10.61	0.38	2.04	1.66		8.57
1975.79167	8.86	10.62	0.51	2.27	1.76		8.35
1975.875	8.78	10.56	0.5	2.28	1.78		8.28
1975.95833	8.79	10.56	0.56	2.33	1.77		8.23
1976.04167	8.6	10.41	0.59	2.4	1.81		8.01
1976.125	8.55	10.24	0.52	2.21	1.69		8.03
1976.20833	8.52	10.12	0.55	2.15	1.6		7.97
1976.29167	8.4	9.94	0.54	2.08	1.54		7.86
1976.375	8.58	9.86	0.45	1.73	1.28		8.13
1976.45833	8.62	9.89	0.59	1.86	1.27		8.03
1976.54167	8.56	9.82	0.56	1.82	1.26		8
1976.625	8.45	9.64	0.54	1.73	1.19		7.91
1976.70833	8.38	9.4	0.6	1.62	1.02		7.78
1976.79167	8.32	9.29	0.62	1.59	0.97		7.7
1976.875	8.25	9.23	0.61	1.59	0.98		7.64
1976.95833	7.98	9.12	0.68	1.82	1.14		7.3
1977.04167	7.96	9.08	0.48	1.6	1.12		7.48
1977.125	8.04	9.12	0.345	1.425	1.08	7.75	7.695
1977.20833	8.1	9.12	0.335	1.355	1.02	7.8	7.765
1977.29167	8.04	9.07	0.34	1.37	1.03	7.73	7.7
1977.375	8.05	9.01	0.28	1.24	0.96	7.8	7.77
1977.45833	7.95	8.91	0.31	1.27	0.96	7.64	7.64
1977.54167	7.94	8.87	0.32	1.25	0.93	7.64	7.62
1977.625	7.98	8.82	0.32	1.16	0.84	7.68	7.66
1977.70833	7.92	8.8	0.315	1.195	0.88	7.64	7.605
1977.79167	8.04	8.89	0.3	1.15	0.85	7.77	7.74
1977.875	8.08	8.95	0.275	1.145	0.87	7.85	7.805
1977.95833	8.19	8.99	0.285	1.085	0.8	7.94	7.905
1978.04167	8.41	9.17	0.25	1.01	0.76	8.18	8.16
1978.125	8.47	9.2	0.235	0.965	0.73	8.25	8.235
1978.20833	8.47	9.22	0.25	1	0.75	8.23	8.22
1978.29167	8.56	9.32	0.23	0.99	0.76	8.34	8.33
1978.375	8.69	9.49	0.255	1.055	0.8	8.43	8.435
1978.45833	8.76	9.6	0.245	1.085	0.84	8.5	8.515
1978.54167	8.88	9.6	0.21	0.93	0.72	8.65	8.67
1978.625	8.69	9.48	0.23	1.02	0.79	8.47	8.46
1978.70833	8.69	9.42	0.22	0.95	0.73	8.47	8.47
1978.79167	8.89	9.59	0.21	0.91	0.7	8.67	8.68
1978.875	9.03	9.83	0.28	1.08	0.8	8.75	8.75
1978.95833	9.16	9.94	0.27	1.05	0.78	8.88	8.89
1979.04167	9.25	10.13	0.29	1.17	0.88	8.94	8.96
1979.125	9.26	10.08	0.245	1.065	0.82	9	9.015
1979.20833	9.37	10.26	0.315	1.205	0.89	9.03	9.055
1979.29167	9.38	10.33	0.28	1.23	0.95	9.08	9.1
1979.375	9.5	10.47	0.3	1.27	0.97	9.19	9.2
1979.45833	9.29	10.38	0.375	1.465	1.09	8.92	8.915
1979.54167	9.2	10.29	0.275	1.365	1.09	8.93	8.925
1979.625	9.23	10.35	0.255	1.375	1.12	8.98	8.975
1979.70833	9.44	10.54	0.25	1.35	1.1	9.17	9.19
1979.79167	10.13	11.4	0.21	1.48	1.27	9.85	9.92
1979.875	10.76	11.99	0.425	1.655	1.23	10.3	10.335
1979.95833	10.74	12.06	0.59	1.91	1.32	10.12	10.15
1980.04167	11.09	12.42	0.465	1.795	1.33	10.6	10.625
1980.125	12.38	13.57	0.21	1.4	1.19	12.13	12.17
1980.20833	12.96	14.45	0.545	2.035	1.49	12.34	12.415
1980.29167	12.04	14.19	0.63	2.78	2.15	11.4	11.41
1980.375	10.99	13.17	0.59	2.77	2.18	10.36	10.4
1980.45833	10.58	12.71	0.73	2.86	2.13	9.81	9.85
1980.54167	11.07	12.65	0.79	2.37	1.58	10.24	10.28
1980.625	11.64	13.15	0.605	2.115	1.51	11	11.035
1980.70833	12.02	13.7	0.615	2.295	1.68	11.34	11.405
1980.79167	12.31	14.23	0.64	2.56	1.92	11.59	11.67
1980.875	12.97	14.64	0.565	2.235	1.67	12.37	12.405
1980.95833	13.21	15.14	0.765	2.695	1.93	12.4	12.445
1981.04167	12.81	15.03	0.595	2.815	2.22	12.14	12.215
1981.125	13.35	15.37	0.46	2.48	2.02	12.8	12.89
1981.20833	13.33	15.34	0.515	2.525	2.01	12.69	12.815
1981.29167	13.88	15.56	0.55	2.23	1.68	13.2	13.33
1981.375	14.32	15.95	0.61	2.24	1.63	13.6	13.71
1981.45833	13.75	15.8	0.67	2.72	2.05	12.96	13.08
1981.54167	14.38	16.17	0.625	2.415	1.79	13.59	13.755
1981.625	14.89	16.34	0.545	1.995	1.45	14.17	14.345
1981.70833	15.49	16.92	0.62	2.05	1.43	14.67	14.87
1981.79167	15.4	17.11	0.495	2.205	1.71	14.68	14.905
1981.875	14.22	16.39	0.765	2.935	2.17	13.35	13.455
1981.95833	14.23	16.55	0.64	2.96	2.32	13.45	13.59
1982.04167	15.18	17.1	0.785	2.705	1.92	14.22	14.395
1982.125	15.27	17.18	0.92	2.83	1.91	14.22	14.35
1982.20833	14.58	16.82	0.94	3.18	2.24	13.53	13.64
1982.29167	14.46	16.78	0.99	3.31	2.32	13.37	13.47
1982.375	14.26	16.64	0.91	3.29	2.38	13.24	13.35
1982.45833	14.81	16.92	0.76	2.87	2.11	13.92	14.05
1982.54167	14.61	16.8	0.955	3.145	2.19	13.55	13.655
1982.625	13.71	16.32	0.87	3.48	2.61	12.77	12.84
1982.70833	12.94	15.63	0.825	3.515	2.69	12.07	12.115
1982.79167	12.12	14.73	1.05	3.66	2.61	11.17	11.07
1982.875	11.68	14.3	1.125	3.745	2.62	10.54	10.555
1982.95833	11.83	14.14	1.25	3.56	2.31	10.54	10.58
1983.04167	11.79	13.94	1.085	3.235	2.15	10.63	10.705
1983.125	12.01	13.95	1.055	2.995	1.94	10.88	10.955
1983.20833	11.73	13.61	1.015	2.895	1.88	10.63	10.715
1983.29167	11.51	13.29	0.955	2.735	1.78	10.48	10.555
1983.375	11.46	13.09	0.86	2.49	1.63	10.53	10.6
1983.45833	11.74	13.37	0.715	2.345	1.63	10.93	11.025
1983.54167	12.15	13.39	0.655	1.895	1.24	11.4	11.495
1983.625	12.51	13.64	0.62	1.75	1.13	11.82	11.89
1983.70833	12.37	13.55	0.645	1.825	1.18	11.63	11.725
1983.79167	12.25	13.46	0.575	1.785	1.21	11.58	11.675
1983.875	12.41	13.61	0.575	1.775	1.2	11.75	11.835
1983.95833	12.57	13.75	0.62	1.8	1.18	11.88	11.95
1984.04167	12.2	13.65	0.415	1.865	1.45	11.75	11.785
1984.125	12.08	13.59	0.105	1.615	1.51	11.95	11.975
1984.20833	12.57	13.99	0.155	1.575	1.42	12.38	12.415
1984.29167	12.81	14.31	0.16	1.66	1.5	12.65	12.65
1984.375	13.28	14.74	-0.15	1.31	1.46	13.43	13.43
1984.45833	13.55	15.05	0.06	1.56	1.5	13.44	13.49
1984.54167	13.44	15.15	0.155	1.865	1.71	13.21	13.285
1984.625	12.87	14.63	0.245	2.005	1.76	12.54	12.625
1984.70833	12.66	14.35	0.305	1.995	1.69	12.29	12.355
1984.79167	12.63	13.94	0.62	1.93	1.31	11.98	12.01
1984.875	12.29	13.48	0.68	1.87	1.19	11.56	11.61
1984.95833	12.13	13.4	0.55	1.82	1.27	11.52	11.58
1985.04167	12.08	13.26	0.565	1.745	1.18	11.45	11.515
1985.125	12.13	13.23	0.545	1.645	1.1	11.47	11.585
1985.20833	12.56	13.69	0.625	1.755	1.13	11.81	11.935
1985.29167	12.23	13.51	0.65	1.93	1.28	11.47	11.58
1985.375	11.72	13.15	0.6	2.03	1.43	11.05	11.12
1985.45833	10.94	12.4	0.43	1.89	1.46	10.45	10.51
1985.54167	10.97	12.43	0.38	1.84	1.46	10.5	10.59
1985.625	11.05	12.5	0.405	1.855	1.45	10.56	10.645
1985.70833	11.07	12.48	0.365	1.775	1.41	10.61	10.705
1985.79167	11.02	12.36	0.435	1.775	1.34	10.5	10.585
1985.875	10.55	11.99	0.4	1.84	1.44	10.06	10.15
1985.95833	10.16	11.58	0.515	1.935	1.42	9.54	9.645
1986.04167	10.05	11.44	0.555	1.945	1.39	9.4	9.495
1986.125	9.67	11.11	0.665	2.105	1.44	8.93	9.005
1986.20833	9	10.5	0.975	2.475	1.5	7.96	8.025
1986.29167	8.79	10.19	1.345	2.745	1.4	7.39	7.445
1986.375	9.09	10.29	1.425	2.625	1.2	7.52	7.665
1986.45833	9.13	10.34	1.5	2.71	1.21	7.57	7.63
1986.54167	8.88	10.16	1.6	2.88	1.28	7.27	7.28
1986.625	8.72	10.18	1.415	2.875	1.46	7.33	7.305
1986.70833	8.89	10.2	1.3	2.61	1.31	7.62	7.59
1986.79167	8.86	10.24	1.205	2.585	1.38	7.7	7.655
1986.875	8.68	10.07	1.21	2.6	1.39	7.52	7.47
1986.95833	8.49	9.97	1.165	2.645	1.48	7.37	7.325
1987.04167	8.36	9.72	0.97	2.33	1.36	7.39	7.39
1987.125	8.38	9.65	0.84	2.11	1.27	7.54	7.54
1987.20833	8.36	9.61	0.81	2.06	1.25	7.55	7.55
1987.29167	8.85	10.04	0.6	1.79	1.19	8.25	8.25
1987.375	9.33	10.51	0.55	1.73	1.18	8.78	8.78
1987.45833	9.32	10.52	0.75	1.95	1.2	8.57	8.57
1987.54167	9.42	10.61	0.78	1.97	1.19	8.64	8.64
1987.625	9.67	10.8	0.7	1.83	1.13	8.97	8.97
1987.70833	10.18	11.31	0.59	1.72	1.13	9.59	9.59
1987.79167	10.52	11.62	0.91	2.01	1.1	9.61	9.61
1987.875	10.01	11.23	1.06	2.28	1.22	8.95	8.95
1987.95833	10.11	11.29	0.99	2.17	1.18	9.12	9.12
1988.04167	9.88	11.07	1.05	2.24	1.19	8.83	8.83
1988.125	9.4	10.62	0.97	2.19	1.22	8.43	8.43
1988.20833	9.39	10.57	0.76	1.94	1.18	8.63	8.63
1988.29167	9.67	10.9	0.72	1.95	1.23	8.95	8.95
1988.375	9.9	11.04	0.67	1.81	1.14	9.23	9.23
1988.45833	9.86	11	0.86	2	1.14	9	9
1988.54167	9.96	11.11	0.82	1.97	1.15	9.14	9.14
1988.625	10.11	11.21	0.79	1.89	1.1	9.32	9.32
1988.70833	9.82	10.9	0.76	1.84	1.08	9.06	9.06
1988.79167	9.51	10.41	0.62	1.52	0.9	8.89	8.89
1988.875	9.45	10.48	0.43	1.46	1.03	9.02	9.02
1988.95833	9.57	10.65	0.56	1.64	1.08	9.01	9.01
1989.04167	9.62	10.65	0.69	1.72	1.03	8.93	8.93
1989.125	9.64	10.61	0.63	1.6	0.97	9.01	9.01
1989.20833	9.8	10.67	0.63	1.5	0.87	9.17	9.17
1989.29167	9.79	10.61	0.76	1.58	0.82	9.03	9.03
1989.375	9.57	10.46	0.74	1.63	0.89	8.83	8.83
1989.45833	9.1	10.03	0.83	1.76	0.93	8.27	8.27
1989.54167	8.93	9.87	0.85	1.79	0.94	8.08	8.08
1989.625	8.96	9.88	0.84	1.76	0.92	8.12	8.12
1989.70833	9.01	9.91	0.86	1.76	0.9	8.15	8.15
1989.79167	8.92	9.81	0.92	1.81	0.89	8	8
1989.875	8.89	9.81	0.99	1.91	0.92	7.9	7.9
1989.95833	8.86	9.82	0.96	1.92	0.96	7.9	7.9
1990.04167	8.99	9.94	0.73	1.68	0.95	8.26	8.26
1990.125	9.22	10.14	0.72	1.64	0.92	8.5	8.5
1990.20833	9.37	10.21	0.81	1.65	0.84	8.56	8.56
1990.29167	9.46	10.3	0.7	1.54	0.84	8.76	8.76
1990.375	9.47	10.41	0.74	1.68	0.94	8.73	8.73
1990.45833	9.26	10.22	0.8	1.76	0.96	8.46	8.46
1990.54167	9.24	10.2	0.74	1.7	0.96	8.5	8.5
1990.625	9.41	10.41	0.55	1.55	1	8.86	8.86
1990.70833	9.56	10.64	0.53	1.61	1.08	9.03	9.03
1990.79167	9.53	10.74	0.67	1.88	1.21	8.86	8.86
1990.875	9.3	10.62	0.76	2.08	1.32	8.54	8.54
1990.95833	9.05	10.43	0.81	2.19	1.38	8.24	8.24
1991.04167	9.04	10.45	0.77	2.18	1.41	8.27	8.27
1991.125	8.83	10.07	0.8	2.04	1.24	8.03	8.03
1991.20833	8.93	10.09	0.64	1.8	1.16	8.29	8.29
1991.29167	8.86	9.94	0.65	1.73	1.08	8.21	8.21
1991.375	8.86	9.86	0.59	1.59	1	8.27	8.27
1991.45833	9.01	9.96	0.54	1.49	0.95	8.47	8.47
1991.54167	9	9.89	0.55	1.44	0.89	8.45	8.45
1991.625	8.75	9.65	0.61	1.51	0.9	8.14	8.14
1991.70833	8.61	9.51	0.66	1.56	0.9	7.95	7.95
1991.79167	8.55	9.49	0.62	1.56	0.94	7.93	7.93
1991.875	8.48	9.45	0.56	1.53	0.97	7.92	7.92
1991.95833	8.31	9.26	0.61	1.56	0.95	7.7	7.7
1992.04167	8.2	9.13	0.62	1.55	0.93	7.58	7.58
1992.125	8.29	9.23	0.44	1.38	0.94	7.85	7.85
1992.20833	8.35	9.25	0.38	1.28	0.9	7.97	7.97
1992.29167	8.33	9.21	0.37	1.25	0.88	7.96	7.96
1992.375	8.28	9.13	0.39	1.24	0.85	7.89	7.89
1992.45833	8.22	9.05	0.38	1.21	0.83	7.84	7.84
1992.54167	8.07	8.84	0.47	1.24	0.77	7.6	7.6
1992.625	7.95	8.65	0.56	1.26	0.7	7.39	7.39
1992.70833	7.92	8.62	0.58	1.28	0.7	7.34	7.34
1992.79167	7.99	8.84	0.46	1.31	0.85	7.53	7.53
1992.875	8.1	8.96	0.49	1.35	0.86	7.61	7.61
1992.95833	7.98	8.81	0.54	1.37	0.83	7.44	7.44
1993.04167	7.91	8.67	0.57	1.33	0.76	7.34	7.34
1993.125	7.71	8.39	0.62	1.3	0.68	7.09	7.09
1993.20833	7.58	8.15	0.76	1.33	0.57	6.82	6.82
1993.29167	7.46	8.14	0.61	1.29	0.68	6.85	6.85
1993.375	7.43	8.21	0.51	1.29	0.78	6.92	6.92
1993.45833	7.33	8.07	0.52	1.26	0.74	6.81	6.81
1993.54167	7.17	7.93	0.54	1.3	0.76	6.63	6.63
1993.625	6.85	7.6	0.53	1.28	0.75	6.32	6.32
1993.70833	6.66	7.34	0.66	1.34	0.68	6	6
1993.79167	6.67	7.31	0.665	1.305	0.64	5.94	6.005
1993.875	6.93	7.66	0.635	1.365	0.73	6.21	6.295
1993.95833	6.93	7.69	0.605	1.365	0.76	6.25	6.325
1994.04167	6.92	7.65	0.58	1.31	0.73	6.29	6.34
1994.125	7.08	7.76	0.55	1.23	0.68	6.49	6.53
1994.20833	7.48	8.13	0.525	1.175	0.65	6.91	6.955
1994.29167	7.88	8.52	0.545	1.185	0.64	7.27	7.335
1994.375	7.99	8.62	0.515	1.145	0.63	7.41	7.475
1994.45833	7.97	8.65	0.515	1.195	0.68	7.4	7.455
1994.54167	8.11	8.8	0.485	1.175	0.69	7.58	7.625
1994.625	8.07	8.74	0.515	1.185	0.67	7.49	7.555
1994.70833	8.34	8.98	0.55	1.19	0.64	7.71	7.79
1994.79167	8.57	9.2	0.56	1.19	0.63	7.94	8.01
1994.875	8.68	9.32	0.54	1.18	0.64	8.08	8.14
1994.95833	8.46	9.1	0.53	1.17	0.64	7.87	7.93
1995.04167	8.46	9.08	0.55	1.17	0.62	7.85	7.91
1995.125	8.26	8.85	0.59	1.18	0.59	7.61	7.67
1995.20833	8.12	8.7	0.61	1.19	0.58	7.45	7.51
1995.29167	8.03	8.6	0.625	1.195	0.57	7.36	7.405
1995.375	7.65	8.2	0.67	1.22	0.55	6.95	6.98
1995.45833	7.3	7.9	0.72	1.32	0.6	6.57	6.58
1995.54167	7.41	8.04	0.68	1.31	0.63	6.72	6.73
1995.625	7.57	8.19	0.68	1.3	0.62	6.86	6.89
1995.70833	7.32	7.93	0.72	1.33	0.61	6.55	6.6
1995.79167	7.12	7.75	0.71	1.34	0.63	6.37	6.41
1995.875	7.02	7.68	0.725	1.385	0.66	6.26	6.295
1995.95833	6.82	7.49	0.73	1.4	0.67	6.06	6.09
1996.04167	6.81	7.47	0.73	1.39	0.66	6.05	6.08
1996.125	6.99	7.63	0.72	1.36	0.64	6.24	6.27
1996.20833	7.35	8.03	0.68	1.36	0.68	6.6	6.67
1996.29167	7.5	8.19	0.615	1.305	0.69	6.79	6.885
1996.375	7.62	8.3	0.6	1.28	0.68	6.93	7.02
1996.45833	7.71	8.4	0.57	1.26	0.69	7.06	7.14
1996.54167	7.65	8.35	0.565	1.265	0.7	7.03	7.085
1996.625	7.46	8.18	0.555	1.275	0.72	6.84	6.905
1996.70833	7.66	8.35	0.56	1.25	0.69	7.03	7.1
1996.79167	7.39	8.07	0.535	1.215	0.68	6.81	6.855
1996.875	7.1	7.79	0.57	1.26	0.69	6.48	6.53
1996.95833	7.2	7.89	0.6	1.29	0.69	6.55	6.6
1997.04167	7.42	8.09	0.55	1.22	0.67	6.83	6.87
1997.125	7.31	7.94	0.58	1.21	0.63	6.69	6.73
1997.20833	7.55	8.18	0.56	1.19	0.63	6.93	6.99
1997.29167	7.73	8.34	0.585	1.195	0.61	7.09	7.145
1997.375	7.58	8.2	0.6	1.22	0.62	6.94	6.98
1997.45833	7.41	8.02	0.605	1.215	0.61	6.77	6.805
1997.54167	7.14	7.75	0.605	1.215	0.61	6.51	6.535
1997.625	7.22	7.82	0.605	1.205	0.6	6.58	6.615
1997.70833	7.15	7.7	0.62	1.17	0.55	6.5	6.53
1997.79167	7	7.57	0.645	1.215	0.57	6.33	6.355
1997.875	6.87	7.42	0.715	1.265	0.55	6.11	6.155
1997.95833	6.76	7.32	0.73	1.29	0.56	5.99	6.03
1998.04167	6.61	7.19	0.765	1.345	0.58	5.81	5.845
1998.125	6.67	7.25	0.745	1.325	0.58	5.89	5.925
1998.20833	6.72	7.32	0.74	1.34	0.6	5.95	5.98
1998.29167	6.69	7.33	0.73	1.37	0.64	5.92	5.96
1998.375	6.69	7.3	0.72	1.33	0.61	5.93	5.97
1998.45833	6.53	7.13	0.78	1.38	0.6	5.7	5.75
1998.54167	6.55	7.15	0.82	1.42	0.6	5.68	5.73
1998.625	6.52	7.14	0.92	1.54	0.62	5.54	5.6
1998.70833	6.4	7.09	1.11	1.8	0.69	5.2	5.29
1998.79167	6.37	7.18	1.215	2.025	0.81	5.01	5.155
1998.875	6.41	7.34	1.045	1.975	0.93	5.25	5.365
1998.95833	6.22	7.23	1.01	2.02	1.01	5.06	5.21
1999.04167	6.24	7.29	0.935	1.985	1.05	5.16	5.305
1999.125	6.4	7.39	0.885	1.875	0.99	5.37	5.515
1999.20833	6.62	7.53	0.895	1.805	0.91	5.58	5.725
1999.29167	6.64	7.48	0.955	1.795	0.84	5.55	5.685
1999.375	6.93	7.72	0.985	1.775	0.79	5.81	5.945
1999.45833	7.23	8.02	1.03	1.82	0.79	6.04	6.2
1999.54167	7.19	7.95	1.06	1.82	0.76	5.98	6.13
1999.625	7.4	8.15	1.15	1.9	0.75	6.07	6.25
1999.70833	7.39	8.2	1.105	1.915	0.81	6.07	6.285
1999.79167	7.55	8.38	1.09	1.92	0.83	6.26	6.46
1999.875	7.36	8.15	1.045	1.835	0.79	6.15	6.315
1999.95833	7.55	8.19	1.03	1.67	0.64	6.35	6.52
2000.04167	7.78	8.33	1.035	1.585	0.55	6.63	6.745
2000.125	7.68	8.29	1.295	1.905	0.61	6.23	6.385
2000.20833	7.68	8.37	1.465	2.155	0.69	6.05	6.215
2000.29167	7.64	8.4	1.625	2.385	0.76	5.85	6.015
2000.375	7.99	8.9	1.64	2.55	0.91	6.15	6.35
2000.45833	7.67	8.48	1.565	2.375	0.81	5.93	6.105
2000.54167	7.65	8.35	1.625	2.325	0.7	5.85	6.025
2000.625	7.55	8.26	1.68	2.39	0.71	5.72	5.87
2000.70833	7.62	8.35	1.66	2.39	0.73	5.83	5.96
2000.79167	7.55	8.34	1.63	2.42	0.79	5.8	5.92
2000.875	7.45	8.28	1.57	2.4	0.83	5.78	5.88
2000.95833	7.21	8.02	1.645	2.455	0.81	5.49	5.565
2001.04167	7.15	7.93	1.555	2.335	0.78	5.54	5.595
2001.125	7.1	7.87	1.565	2.335	0.77	5.45	5.535
2001.20833	6.98	7.84	1.565	2.425	0.86	5.34	5.415
2001.29167	7.2	8.07	1.485	2.355	0.87	5.65	5.715
2001.375	7.29	8.07	1.44	2.22	0.78	5.78	5.85
2001.45833	7.18	7.97	1.435	2.225	0.79	5.67	5.745
2001.54167	7.13	7.97	1.45	2.29	0.84	5.61	5.68
2001.625	7.02	7.85	1.49	2.32	0.83	5.48	5.53
2001.70833	7.17	8.03	1.665	2.525	0.86	5.48	5.505
2001.79167	7.03	7.91	1.7	2.58	0.88	5.32	5.33
2001.875	6.97	7.81	1.745	2.585	0.84	5.12	5.225
2001.95833	6.77	8.05	1.15	2.43	1.28	5.48	5.62
2002.04167	6.55	7.87	0.98	2.3	1.32	5.45	5.57
2002.125	6.51	7.89	1.005	2.385	1.38	5.4	5.505
2002.20833	6.81	8.11	0.88	2.18	1.3		5.93
2002.29167	6.76	8.03	0.91	2.18	1.27		5.85
2002.375	6.75	8.09	0.94	2.28	1.34		5.81
2002.45833	6.63	7.95	0.98	2.3	1.32		5.65
2002.54167	6.53	7.9	1.02	2.39	1.37		5.51
2002.625	6.37	7.58	1.18	2.39	1.21		5.19
2002.70833	6.15	7.4	1.28	2.53	1.25		4.87
2002.79167	6.32	7.73	1.32	2.73	1.41		5
2002.875	6.31	7.62	1.27	2.58	1.31		5.04
2002.95833	6.21	7.45	1.2	2.44	1.24		5.01
2003.04167	6.17	7.35	1.15	2.33	1.18		5.02
2003.125	5.95	7.06	1.08	2.19	1.11		4.87
2003.20833	5.89	6.95	1.07	2.13	1.06		4.82
2003.29167	5.74	6.85	0.83	1.94	1.11		4.91
2003.375	5.22	6.38	0.7	1.86	1.16		4.52
2003.45833	4.97	6.19	0.63	1.85	1.22		4.34
2003.54167	5.49	6.62	0.57	1.7	1.13		4.92
2003.625	5.88	7.01	0.49	1.62	1.13		5.39
2003.70833	5.72	6.79	0.51	1.58	1.07		5.21
2003.79167	5.7	6.73	0.49	1.52	1.03		5.21
2003.875	5.65	6.66	0.48	1.49	1.01		5.17
2003.95833	5.62	6.6	0.51	1.49	0.98		5.11
2004.04167	5.54	6.44	0.53	1.43	0.9		5.01
2004.125	5.5	6.27	0.56	1.33	0.77		4.94
2004.20833	5.33	6.11	0.61	1.39	0.78		4.72
2004.29167	5.73	6.46	0.57	1.3	0.73		5.16
2004.375	6.04	6.75	0.58	1.29	0.71		5.46
2004.45833	6.01	6.78	0.56	1.33	0.77		5.45
2004.54167	5.82	6.62	0.58	1.38	0.8		5.24
2004.625	5.65	6.46	0.58	1.39	0.81		5.07
2004.70833	5.46	6.27	0.57	1.38	0.81		4.89
2004.79167	5.47	6.21	0.62	1.36	0.74		4.85
2004.875	5.52	6.2	0.63	1.31	0.68		4.89
2004.95833	5.47	6.15	0.59	1.27	0.68		4.88
2005.04167	5.36	6.02	0.59	1.25	0.66		4.77
2005.125	5.2	5.82	0.59	1.21	0.62		4.61
2005.20833	5.4	6.06	0.51	1.17	0.66		4.89
2005.29167	5.33	6.05	0.58	1.3	0.72		4.75
2005.375	5.15	6.01	0.59	1.45	0.86		4.56
2005.45833	4.96	5.86	0.61	1.51	0.9		4.35
2005.54167	5.06	5.95	0.58	1.47	0.89		4.48
2005.625	5.09	5.96	0.56	1.43	0.87		4.53
2005.70833	5.13	6.03	0.62	1.52	0.9		4.51
2005.79167	5.35	6.3	0.61	1.56	0.95		4.74
2005.875	5.42	6.39	0.59	1.56	0.97		4.83
2005.95833	5.37	6.32	0.64	1.59	0.95		4.73
2006.04167	5.29	6.24	0.64	1.59	0.95		4.65
2006.125	5.35	6.27	0.715	1.635	0.92	4.54	4.635
2006.20833	5.53	6.41	0.71	1.59	0.88	4.73	4.82
2006.29167	5.84	6.68	0.7	1.54	0.84	5.06	5.14
2006.375	5.95	6.75	0.675	1.475	0.8	5.2	5.275
2006.45833	5.89	6.78	0.67	1.56	0.89	5.15	5.22
2006.54167	5.85	6.76	0.66	1.57	0.91	5.13	5.19
2006.625	5.68	6.59	0.64	1.55	0.91	5	5.04
2006.70833	5.51	6.43	0.62	1.54	0.92	4.85	4.89
2006.79167	5.51	6.42	0.615	1.525	0.91	4.85	4.895
2006.875	5.33	6.2	0.595	1.465	0.87	4.69	4.735
2006.95833	5.32	6.22	0.59	1.49	0.9	4.68	4.73
2007.04167	5.4	6.34	0.5	1.44	0.94	4.85	4.9
2007.125	5.39	6.28	0.515	1.405	0.89	4.82	4.875
2007.20833	5.3	6.27	0.535	1.505	0.97	4.72	4.765
2007.29167	5.47	6.39	0.56	1.48	0.92	4.87	4.91
2007.375	5.47	6.39	0.53	1.45	0.92	4.9	4.94
2007.45833	5.79	6.7	0.545	1.455	0.91	5.2	5.245
2007.54167	5.73	6.65	0.58	1.5	0.92	5.11	5.15
2007.625	5.79	6.65	0.825	1.685	0.86	4.93	4.965
2007.70833	5.74	6.59	0.925	1.775	0.85	4.79	4.815
2007.79167	5.66	6.48	0.86	1.68	0.82	4.77	4.8
2007.875	5.44	6.4	0.9	1.86	0.96	4.52	4.54
2007.95833	5.49	6.65	0.94	2.1	1.16	4.53	4.55
2008.04167	5.33	6.54	0.99	2.2	1.21	4.33	4.34
2008.125	5.53	6.82	1.025	2.315	1.29	4.52	4.505
2008.20833	5.51	6.89	1.135	2.515	1.38	4.39	4.375
2008.29167	5.55	6.97	1.11	2.53	1.42	4.44	4.44
2008.375	5.57	6.93	0.97	2.33	1.36	4.6	4.6
2008.45833	5.68	7.07	0.965	2.355	1.39	4.69	4.715
2008.54167	5.67	7.16	1.075	2.565	1.49	4.57	4.595
2008.625	5.64	7.15	1.125	2.635	1.51	4.5	4.515
2008.70833	5.65	7.31	1.355	3.015	1.66	4.27	4.295
2008.79167	6.28	8.88	1.97	4.57	2.6	4.17	4.31
2008.875	6.12	9.21	1.985	5.075	3.09	4	4.135
2008.95833	5.05	8.43	2.025	5.405	3.38	2.87	3.025
2009.04167	5.05	8.14	1.755	4.845	3.09	3.13	3.295
2009.125	5.27	8.08	1.56	4.37	2.81	3.59	3.71
2009.20833	5.5	8.42	1.79	4.71	2.92	3.64	3.71
2009.29167	5.39	8.39	1.59	4.59	3	3.76	3.8
2009.375	5.54	8.06	1.315	3.835	2.52	4.23	4.225
2009.45833	5.61	7.5	1.09	2.98	1.89	4.52	4.52
2009.54167	5.41	7.09	1	2.68	1.68	4.41	4.41
2009.625	5.26	6.58	0.89	2.21	1.32	4.37	4.37
2009.70833	5.13	6.31	0.94	2.12	1.18	4.19	4.19
2009.79167	5.15	6.29	0.96	2.1	1.14	4.19	4.19
2009.875	5.19	6.32	0.88	2.01	1.13	4.31	4.31
2009.95833	5.26	6.37	0.77	1.88	1.11	4.49	4.49
2010.04167	5.26	6.25	0.66	1.65	0.99	4.6	4.6
2010.125	5.35	6.34	0.73	1.72	0.99	4.62	4.62
2010.20833	5.27	6.27	0.63	1.63	1	4.64	4.64
2010.29167	5.29	6.25	0.6	1.56	0.96	4.69	4.69
2010.375	4.96	6.05	0.67	1.76	1.09	4.29	4.29
2010.45833	4.88	6.23	0.75	2.1	1.35	4.13	4.13
2010.54167	4.72	6.01	0.73	2.02	1.29	3.99	3.99
2010.625	4.49	5.66	0.69	1.86	1.17	3.8	3.8
2010.70833	4.53	5.66	0.76	1.89	1.13	3.77	3.77
2010.79167	4.68	5.72	0.81	1.85	1.04	3.87	3.87
2010.875	4.87	5.92	0.68	1.73	1.05	4.19	4.19
2010.95833	5.02	6.1	0.6	1.68	1.08	4.42	4.42
2011.04167	5.04	6.09	0.52	1.57	1.05	4.52	4.52
2011.125	5.22	6.15	0.57	1.5	0.93	4.65	4.65
2011.20833	5.13	6.03	0.62	1.52	0.9	4.51	4.51
2011.29167	5.16	6.02	0.66	1.52	0.86	4.5	4.5
2011.375	4.96	5.78	0.67	1.49	0.82	4.29	4.29
2011.45833	4.99	5.75	0.76	1.52	0.76	4.23	4.23
2011.54167	4.93	5.76	0.66	1.49	0.83	4.27	4.27
2011.625	4.37	5.36	0.72	1.71	0.99	3.65	3.65
2011.70833	4.09	5.27	0.91	2.09	1.18	3.18	3.18
2011.79167	3.98	5.37	0.85	2.24	1.39	3.13	3.13
2011.875	3.87	5.14	0.85	2.12	1.27	3.02	3.02
2011.95833	3.93	5.25	0.95	2.27	1.32	2.98	2.98
2012.04167	3.85	5.23	0.82	2.2	1.38	3.03	3.03
2012.125	3.85	5.14	0.74	2.03	1.29	3.11	3.11
