Date	Apple Return	Market Return	S&P 500 Return	IBM Return	Price Apple	Treasury Bill	Inflation (CPI)	Apple Excess Return	Market Excess Return	SP500 Excess Return	IBM Excess Return
19900131	-0.035461	-0.070115	-0.0688	0.047809	34	0.005852	0.010309	-0.041313	-0.075967	-0.074652	0.041957
19900228	0.003235	0.014901	0.0085	0.065501	34	0.005818	0.00471	-0.002583	0.009083	0.002682	0.059683
19900330	0.183824	0.02414	0.0243	0.021661	40.25	0.00638	0.005469	0.177444	0.01776	0.01792	0.015281
19900430	-0.021739	-0.028286	-0.0269	0.027091	39.375	0.006829	0.001554	-0.028568	-0.035115	-0.033729	0.020262
19900531	0.050413	0.088936	0.092	0.112018	41.25	0.006404	0.002327	0.044009	0.082532	0.085596	0.105614
19900629	0.084848	-0.004196	-0.0089	-0.020833	44.75	0.005898	0.005418	0.07895	-0.010094	-0.014798	-0.026731
19900731	-0.061453	-0.009405	-0.0052	-0.051064	42	0.006704	0.003849	-0.068157	-0.016109	-0.011904	-0.057768
19900831	-0.116429	-0.091896	-0.0943	-0.075471	37	0.006154	0.009202	-0.122583	-0.09805	-0.100454	-0.081625
19900928	-0.216216	-0.053843	-0.0512	0.044172	29	0.005984	0.008359	-0.2222	-0.059827	-0.057184	0.038188
19901031	0.060345	-0.012504	-0.0067	-0.009401	30.75	0.006559	0.006029	0.053786	-0.019063	-0.013259	-0.01596
19901130	0.199024	0.065744	0.0599	0.089775	36.75	0.005651	0.002247	0.193373	0.060093	0.054249	0.084124
19901231	0.170068	0.029513	0.0248	-0.005501	43	0.005989	0	0.164079	0.023524	0.018811	-0.01149
19910131	0.290698	0.049078	0.0415	0.121681	55.5	0.004637	0.005979	0.286061	0.044441	0.036863	0.117044
19910228	0.033694	0.075847	0.0673	0.025325	57.25	0.004767	0.001486	0.028927	0.07108	0.062533	0.020558
19910328	0.187773	0.028923	0.0222	-0.115534	68	0.004391	0.001484	0.183382	0.024532	0.017809	-0.119925
19910430	-0.191176	0.003322	0.0003	-0.095499	55	0.005335	0.001481	-0.196511	-0.002013	-0.005035	-0.100834
19910531	-0.143273	0.040732	0.0386	0.042087	47	0.004461	0.002959	-0.147734	0.036271	0.034139	0.037626
19910628	-0.117021	-0.044029	-0.0479	-0.084806	41.5	0.004171	0.00295	-0.121192	-0.0482	-0.052071	-0.088977
19910731	0.114458	0.046795	0.0449	0.042471	46.25	0.00484	0.001471	0.109618	0.041955	0.04006	0.037631
19910830	0.148541	0.026819	0.0196	-0.031259	53	0.00461	0.002937	0.143931	0.022209	0.01499	-0.035869
19910930	-0.066038	-0.010975	-0.0191	0.069677	49.5	0.004558	0.004392	-0.070596	-0.015533	-0.023658	0.065119
19911031	0.040404	0.017789	0.0119	-0.05187	51.5	0.004246	0.001458	0.036158	0.013543	0.007654	-0.056116
19911129	-0.012233	-0.037275	-0.0439	-0.046209	50.75	0.003915	0.002911	-0.016148	-0.04119	-0.047815	-0.050124
19911231	0.110837	0.106778	0.1116	-0.037838	56.375	0.003792	0.000726	0.107045	0.102986	0.107808	-0.04163
19920131	0.148559	-0.001182	-0.0199	0.011236	64.75	0.003059	0.00145	0.1455	-0.004241	-0.022959	0.008177
19920228	0.044324	0.013354	0.0096	-0.021278	67.5	0.002828	0.003621	0.041496	0.010526	0.006772	-0.024106
19920331	-0.137037	-0.0237	-0.0218	-0.038849	58.25	0.003376	0.005051	-0.140413	-0.027076	-0.025176	-0.042225
19920430	0.032189	0.013419	0.0279	0.086826	60.125	0.003303	0.001436	0.028886	0.010116	0.024597	0.083523
19920529	-0.006237	0.006439	0.001	0.013333	59.75	0.002758	0.001434	-0.008995	0.003681	-0.001758	0.010575
19920630	-0.194644	-0.019287	-0.0174	0.078512	48	0.003201	0.003579	-0.197845	-0.022488	-0.020601	0.075311
19920731	-0.026042	0.0399	0.0394	-0.031928	46.75	0.002892	0.00214	-0.028934	0.037008	0.036508	-0.03482
19920831	-0.013476	-0.02082	-0.024	-0.072982	46	0.002605	0.002847	-0.016081	-0.023425	-0.026605	-0.075587
19920930	-0.019022	0.012447	0.0091	-0.067821	45.125	0.002573	0.002839	-0.021595	0.009874	0.006527	-0.070394
19921030	0.163435	0.010986	0.0021	-0.171827	52.5	0.002286	0.003539	0.161149	0.0087	-0.000186	-0.174113
19921130	0.097524	0.040193	0.0303	0.038654	57.5	0.002346	0.00141	0.095178	0.037847	0.027954	0.036308
19921231	0.03913	0.017768	0.0101	-0.261905	59.75	0.00227	-0.000704	0.03686	0.015498	0.00783	-0.264175
19930129	-0.004184	0.012643	0.007	0.022333	59.5	0.002335	0.004933	-0.006519	0.010308	0.004665	0.019998
19930226	-0.107227	0.005402	0.0105	0.066311	53	0.002209	0.003506	-0.109436	0.003193	0.008291	0.064102
19930331	-0.028302	0.025116	0.0187	-0.064368	51.5	0.002538	0.003494	-0.03084	0.022578	0.016162	-0.066906
19930430	-0.004854	-0.0254	-0.0254	-0.044226	51.25	0.002372	0.002786	-0.007226	-0.027772	-0.027772	-0.046598
19930528	0.10722	0.029598	0.0227	0.095938	56.625	0.002168	0.001389	0.105052	0.02743	0.020532	0.09377
19930630	-0.302428	0.00544	0.0008	-0.063981	39.5	0.002756	0.001387	-0.305184	0.002684	-0.001956	-0.066737
19930730	-0.297468	-0.000795	-0.0053	-0.098734	27.75	0.002402	0	-0.29987	-0.003197	-0.007702	-0.101136
19930831	-0.040721	0.039479	0.0344	0.033708	26.5	0.00253	0.00277	-0.043251	0.036949	0.03187	0.031178
19930930	-0.117925	0.000641	-0.01	-0.081967	23.375	0.002356	0.002072	-0.120281	-0.001715	-0.012356	-0.084323
19931029	0.315508	0.018064	0.0194	0.095238	30.75	0.00221	0.004135	0.313298	0.015854	0.01719	0.093028
19931130	0.028293	-0.017606	-0.0129	0.17663	31.5	0.002477	0.000686	0.025816	-0.020083	-0.015377	0.174153
19931231	-0.071429	0.019513	0.0101	0.048724	29.25	0.002263	0	-0.073692	0.01725	0.007837	0.046461
19940131	0.119658	0.031466	0.0325	0	32.75	0.002503	0.002743	0.117155	0.028963	0.029997	-0.002503
19940228	0.118168	-0.024224	-0.03	-0.059735	36.5	0.00212	0.00342	0.116048	-0.026344	-0.03212	-0.061855
19940331	-0.089041	-0.045795	-0.0457	0.033097	33.25	0.002469	0.003408	-0.09151	-0.048264	-0.048169	0.030628
19940429	-0.097744	0.009478	0.0115	0.052632	30	0.002711	0.001359	-0.100455	0.006767	0.008789	0.049921
19940531	-0.021	0.00936	0.0124	0.1	29.25	0.00315	0.000678	-0.02415	0.00621	0.00925	0.09685
19940630	-0.094017	-0.027909	-0.0268	-0.06746	26.5	0.003118	0.00339	-0.097135	-0.031027	-0.029918	-0.070578
19940729	0.271226	0.030633	0.0315	0.053191	33.6875	0.002751	0.002703	0.268475	0.027882	0.028749	0.05044
19940831	0.077774	0.042597	0.0376	0.111111	36.1875	0.003687	0.004043	0.074087	0.03891	0.033913	0.107424
19940930	-0.069085	-0.018363	-0.0269	0.016423	33.6875	0.003659	0.002685	-0.072744	-0.022022	-0.030559	0.012764
19941031	0.282004	0.01452	0.0208	0.070018	43.1875	0.00384	0.000669	0.278164	0.01068	0.01696	0.066178
19941130	-0.134703	-0.037219	-0.0395	-0.04698	37.25	0.003691	0.001338	-0.138394	-0.04091	-0.043191	-0.050671
19941230	0.04698	0.012609	0.0123	0.038869	39	0.00443	0	0.04255	0.008179	0.00787	0.034439
19950131	0.035256	0.020399	0.0243	-0.018707	40.375	0.004156	0.004008	0.0311	0.016243	0.020144	-0.022863
19950228	-0.0187	0.039615	0.0361	0.046794	39.5	0.003983	0.003992	-0.022683	0.035632	0.032117	0.042811
19950331	-0.107595	0.027041	0.0273	0.091362	35.25	0.004134	0.003313	-0.111729	0.022907	0.023166	0.087228
19950428	0.085106	0.025048	0.028	0.152207	38.25	0.00445	0.003303	0.080656	0.020598	0.02355	0.147757
19950531	0.089739	0.034007	0.0363	-0.014531	41.5625	0.005355	0.001975	0.084384	0.028652	0.030945	-0.019886
19950630	0.117293	0.031173	0.0213	0.032258	46.4375	0.004714	0.001971	0.112579	0.026459	0.016586	0.027544
19950731	-0.030956	0.040783	0.0318	0.134115	45	0.004522	0	-0.035478	0.036261	0.027278	0.129593
19950831	-0.041778	0.009305	-0.0003	-0.04822	43	0.004637	0.002623	-0.046415	0.004668	-0.004937	-0.052857
19950929	-0.133721	0.036362	0.0401	-0.085852	37.25	0.004309	0.001962	-0.13803	0.032053	0.035791	-0.090161
19951031	-0.025168	-0.011317	-0.005	0.029101	36.3125	0.004714	0.003264	-0.029882	-0.016031	-0.009714	0.024387
19951130	0.053219	0.042708	0.041	-0.003856	38.125	0.004108	-0.000651	0.049111	0.0386	0.036892	-0.007964
19951229	-0.163934	0.015191	0.0174	-0.054334	31.875	0.004882	-0.000651	-0.168816	0.010309	0.012518	-0.059216
19960131	-0.133333	0.028144	0.0326	0.187414	27.625	0.004278	0.005863	-0.137611	0.023866	0.028322	0.183136
19960229	-0.004525	0.01631	0.0069	0.132488	27.5	0.003908	0.003238	-0.008433	0.012402	0.002992	0.12858
19960329	-0.106818	0.010927	0.0079	-0.092762	24.5625	0.003943	0.005165	-0.110761	0.006984	0.003957	-0.096705
19960430	-0.007634	0.025511	0.0134	-0.031461	24.375	0.004579	0.003854	-0.012213	0.020932	0.008821	-0.03604
19960531	0.071795	0.0268	0.0229	-0.006032	26.125	0.003982	0.001919	0.067813	0.022818	0.018918	-0.010014
19960628	-0.196172	-0.008298	0.0023	-0.0726	21	0.004	0.000639	-0.200172	-0.012298	-0.0017	-0.0766
19960731	0.047619	-0.053819	-0.0457	0.085859	22	0.004497	0.001914	0.043122	-0.058316	-0.050197	0.081362
19960830	0.102273	0.032463	0.0188	0.067209	24.25	0.004122	0.001911	0.098151	0.028341	0.014678	0.063087
19960930	-0.085052	0.053015	0.0542	0.088525	22.1875	0.004375	0.003179	-0.089427	0.04864	0.049825	0.08415
19961031	0.03662	0.013632	0.0261	0.036145	23	0.004246	0.003169	0.032374	0.009386	0.021854	0.031899
19961129	0.048913	0.065502	0.0734	0.238178	24.125	0.003941	0.001895	0.044972	0.061561	0.069459	0.234237
19961231	-0.134715	-0.011358	-0.0215	-0.049412	20.875	0.004404	0	-0.139119	-0.015762	-0.025904	-0.053816
19970131	-0.203593	0.053449	0.0613	0.035479	16.625	0.004014	0.003153	-0.207607	0.049435	0.057286	0.031465
19970228	-0.022556	-0.001144	0.0059	-0.081434	16.25	0.003788	0.003143	-0.026344	-0.004932	0.002112	-0.085222
19970331	0.123077	-0.04482	-0.0426	-0.045217	18.25	0.00431	0.002506	0.118767	-0.04913	-0.04691	-0.049527
19970430	-0.068493	0.042303	0.0584	0.169399	17	0.004313	0.00125	-0.072806	0.03799	0.054087	0.165086
19970530	-0.022059	0.071624	0.0586	0.080374	16.625	0.004263	-0.000624	-0.026322	0.067361	0.054337	0.076111
19970630	-0.142857	0.044145	0.0435	0.043353	14.25	0.003744	0.001249	-0.146601	0.040401	0.039756	0.039609
19970731	0.22807	0.076502	0.0781	0.171745	17.5	0.004294	0.001248	0.223776	0.072208	0.073806	0.167451
19970829	0.242857	-0.036267	-0.0574	-0.03948	21.75	0.004058	0.001869	0.238799	-0.040325	-0.061458	-0.043538
19970930	-0.002874	0.058433	0.0532	0.045623	21.6875	0.004576	0.002488	-0.00745	0.053857	0.048624	0.041047
19971031	-0.214697	-0.034528	-0.0345	-0.070755	17.03125	0.003911	0.002481	-0.218608	-0.038439	-0.038411	-0.074666
19971128	0.042202	0.030459	0.0446	0.113706	17.75	0.003773	-0.000619	0.038429	0.026686	0.040827	0.109933
19971231	-0.260563	0.017772	0.0157	-0.044521	13.125	0.004629	-0.001238	-0.265192	0.013143	0.011071	-0.04915
19980130	0.395238	0.004529	0.0102	-0.056153	18.3125	0.004204	0.00186	0.391034	0.000325	0.005996	-0.060357
19980227	0.290102	0.07323	0.0704	0.05962	23.625	0.003847	0.001856	0.286255	0.069383	0.066553	0.055773
19980331	0.164021	0.051324	0.0499	-0.005386	27.5	0.004485	0.001853	0.159536	0.046839	0.045415	-0.009871
19980430	-0.004545	0.010862	0.0091	0.115523	27.375	0.004308	0.00185	-0.008853	0.006554	0.004792	0.111215
19980529	-0.027397	-0.025755	-0.0188	0.015922	26.625	0.003805	0.001846	-0.031202	-0.02956	-0.022605	0.012117
19980630	0.077465	0.031955	0.0394	-0.022872	28.6875	0.004021	0.001229	0.073444	0.027934	0.035379	-0.026893
19980731	0.206972	-0.023264	-0.0116	0.154056	34.625	0.003873	0.001227	0.203099	-0.027137	-0.015473	0.150183
19980831	-0.099278	-0.157666	-0.1458	-0.14834	31.1875	0.004012	0.001225	-0.10329	-0.161678	-0.149812	-0.152352
19980930	0.222445	0.063835	0.0624	0.140954	38.125	0.003875	0.001224	0.21857	0.05996	0.058525	0.137079
19981030	-0.02623	0.074357	0.0803	0.155642	37.125	0.003353	0.002445	-0.029583	0.071004	0.076947	0.152289
19981130	-0.139731	0.061985	0.0591	0.113434	31.9375	0.003233	0	-0.142964	0.058752	0.055867	0.110201
19981231	0.2818	0.063054	0.0564	0.116578	40.9375	0.003779	-0.00061	0.278021	0.059275	0.052621	0.112799
19990129	0.006107	0.038345	0.041	-0.006102	41.1875	0.003494	0.002441	0.002613	0.034851	0.037506	-0.009596
19990226	-0.15478	-0.038105	-0.0323	-0.072469	34.8125	0.003372	0.001217	-0.158152	-0.041477	-0.035672	-0.075841
19990331	0.032316	0.037861	0.0388	0.044183	35.9375	0.004076	0.00304	0.02824	0.033785	0.034724	0.040107
19990430	0.28	0.049	0.0379	0.180183	46	0.003784	0.007273	0.276216	0.045216	0.034116	0.176399
19990528	-0.04212	-0.020721	-0.025	0.1102	44.0625	0.003463	0	-0.045583	-0.024184	-0.028463	0.106737
19990630	0.051064	0.051021	0.0544	0.114224	46.3125	0.004098	0	0.046966	0.046923	0.050302	0.110126
19990730	0.202429	-0.030635	-0.032	-0.027563	55.6875	0.003658	0.003008	0.198771	-0.034293	-0.035658	-0.031221
19990831	0.171717	-0.009985	-0.0063	-0.007996	65.25	0.003876	0.0024	0.167841	-0.013861	-0.010176	-0.011872
19990930	-0.029693	-0.022868	-0.0286	-0.0286	63.3125	0.003705	0.004788	-0.033398	-0.026573	-0.032305	-0.032305
19991029	0.265548	0.062049	0.0625	-0.188017	80.125	0.003581	0.001787	0.261967	0.058468	0.058919	-0.191598
19991130	0.221529	0.036814	0.0191	0.050204	97.875	0.003811	0.000595	0.217718	0.033003	0.015289	0.046393
19991231	0.050447	0.083721	0.0578	0.046695	102.8125	0.003764	0	0.046683	0.079957	0.054036	0.042931
20000131	0.009119	-0.039588	-0.050904	0.040556	103.75	0.004343	0.002971	0.004776	-0.043931	-0.055247	0.036213
20000229	0.104819	0.031844	-0.020108	-0.083563	114.625	0.004295	0.005924	0.100524	0.027549	-0.024403	-0.087858
20000331	0.184842	0.053523	0.09672	0.148418	135.8125	0.004377	0.008245	0.180465	0.049146	0.092343	0.144041
20000428	-0.086516	-0.059466	-0.030796	-0.055085	124.0625	0.004595	0.000584	-0.091111	-0.064061	-0.035391	-0.05968
20000531	-0.322922	-0.039047	-0.021915	-0.03583	84	0.004782	0.001168	-0.327704	-0.043829	-0.026697	-0.040612
20000630	0.247024	0.05164	0.023934	0.020373	52.375	0.003744	0.005248	0.24328	0.047896	0.02019	0.016629
20000731	-0.029833	-0.017106	-0.016341	0.026241	50.8125	0.004772	0.00232	-0.034605	-0.021878	-0.021113	0.021469
20000831	0.199262	0.075811	0.060699	0.175142	60.9375	0.005002	0	0.19426	0.070809	0.055697	0.17014
20000929	-0.577436	-0.051138	-0.053483	-0.147727	25.75	0.005093	0.005208	-0.582529	-0.056231	-0.058576	-0.15282
20001031	-0.240291	-0.024557	-0.004949	-0.124444	19.5625	0.005217	0.001727	-0.245508	-0.029774	-0.010166	-0.129661
20001130	-0.15655	-0.102534	-0.080069	-0.049442	16.5	0.004966	0.000575	-0.161516	-0.1075	-0.085035	-0.054408
20001229	-0.098485	0.020299	0.004053	-0.090909	14.875	0.004909	-0.000574	-0.103394	0.01539	-0.000856	-0.095818
20010131	0.453782	0.039524	0.034637	0.317647	21.625	0.005243	0.006322	0.448539	0.034281	0.029394	0.312404
20010228	-0.156069	-0.099267	-0.092291	-0.106875	18.25	0.003653	0.003998	-0.159722	-0.10292	-0.095944	-0.110528
20010330	0.209315	-0.070286	-0.064205	-0.037237	22.07	0.00432	0.002275	0.204995	-0.074606	-0.068525	-0.041557
20010430	0.154961	0.083911	0.076814	0.19713	25.49	0.003864	0.003973	0.151097	0.080047	0.07295	0.193266
20010531	-0.21734	0.010566	0.00509	-0.027792	19.95	0.003183	0.004522	-0.220523	0.007383	0.001907	-0.030975
20010629	0.165413	-0.017474	-0.025004	0.010733	23.25	0.002778	0.001688	0.162635	-0.020252	-0.027782	0.007955
20010731	-0.191828	-0.018316	-0.010772	-0.068938	18.79	0.002999	-0.002809	-0.194827	-0.021315	-0.013771	-0.071937
20010831	-0.012773	-0.059095	-0.064108	-0.048665	18.55	0.002996	0	-0.015769	-0.062091	-0.067104	-0.051661
20010928	-0.163881	-0.091543	-0.081723	-0.082341	15.51	0.00273	0.004507	-0.166611	-0.094273	-0.084453	-0.085071
20011031	0.132173	0.02797	0.018099	0.17826	17.56	0.002154	-0.003365	0.130019	0.025816	0.015945	0.176106
20011130	0.212984	0.078735	0.075176	0.07088	21.3	0.001749	-0.001688	0.211235	0.076986	0.073427	0.069131
20011231	0.028169	0.017844	0.007574	0.046457	21.9	0.001484	-0.003946	0.026685	0.01636	0.00609	0.044973
20020131	0.128767	-0.016046	-0.015574	-0.108052	24.72	0.00139	0.002264	0.127377	-0.017436	-0.016964	-0.109442
20020228	-0.122168	-0.021713	-0.020766	-0.089258	21.7	0.001285	0.003953	-0.123453	-0.022998	-0.022051	-0.090543
20020328	0.090783	0.044688	0.036739	0.059927	23.67	0.001341	0.005624	0.089442	0.043347	0.035398	0.058586
20020430	0.025349	-0.049654	-0.061418	-0.194615	24.27	0.001546	0.005593	0.023803	-0.0512	-0.062964	-0.196161
20020531	-0.039967	-0.010478	-0.009081	-0.037727	23.3	0.001442	0	-0.041409	-0.01192	-0.010523	-0.039169
20020628	-0.239485	-0.070251	-0.072465	-0.105034	17.72	0.001312	0.000556	-0.240797	-0.071563	-0.073777	-0.106346
20020731	-0.138826	-0.081135	-0.078995	-0.022222	15.26	0.001507	0.001112	-0.140333	-0.082642	-0.080502	-0.023729
20020830	-0.033421	0.007965	0.004881	0.072869	14.75	0.001402	0.003331	-0.034823	0.006563	0.003479	0.071467
20020930	-0.016949	-0.099965	-0.110013	-0.226453	14.5	0.001414	0.00166	-0.018363	-0.101379	-0.111427	-0.227867
20021031	0.108276	0.074926	0.086436	0.353799	16.07	0.001334	0.001657	0.106942	0.073592	0.085102	0.352465
20021129	-0.03547	0.061275	0.05707	0.10299	15.5	0.001166	0	-0.036636	0.060109	0.055904	0.101824
20021231	-0.075484	-0.053316	-0.060333	-0.108375	14.33	0.001079	-0.002206	-0.076563	-0.054395	-0.061412	-0.109454
20030131	0.002093	-0.023392	-0.027415	0.009032	14.36	0.000934	0.004422	0.001159	-0.024326	-0.028349	0.008098
20030228	0.045265	-0.01539	-0.017004	-0.001279	15.01	0.000871	0.007705	0.044394	-0.016261	-0.017875	-0.00215
20030331	-0.057961	0.010325	0.008358	0.006158	14.14	0.00102	0.006008	-0.058981	0.009305	0.007338	0.005138
20030430	0.005658	0.082762	0.081044	0.082494	14.22	0.000939	-0.002172	0.004719	0.081823	0.080105	0.081555
20030530	0.262307	0.063471	0.050899	0.038869	17.95	0.000903	-0.001632	0.261404	0.062568	0.049996	0.037966
20030630	0.061838	0.016335	0.011322	-0.062926	19.06	0.000984	0.00109	0.060854	0.015351	0.010338	-0.06391
20030731	0.105981	0.023112	0.016224	-0.015152	21.08	0.000674	0.001089	0.105307	0.022438	0.01555	-0.015826
20030829	0.072581	0.024966	0.017873	0.011323	22.61	0.000689	0.003806	0.071892	0.024277	0.017184	0.010634
20030930	-0.083591	-0.009112	-0.011944	0.077064	20.72	0.000865	0.00325	-0.084456	-0.009977	-0.012809	0.076199
20031031	0.10473	0.060318	0.054962	0.013019	22.89	0.0007	-0.00108	0.10403	0.059618	0.054262	0.012319
20031128	-0.086501	0.016594	0.007129	0.013634	20.91	0.000725	-0.002703	-0.087226	0.015869	0.006404	0.012909
20031231	0.021999	0.045528	0.050765	0.023636	21.37	0.000831	-0.001084	0.021168	0.044697	0.049934	0.022805
20040130	0.055685	0.023048	0.017276	0.070673	22.56	0.000696	0.004883	0.054989	0.022352	0.01658	0.069977
20040227	0.060284	0.015459	0.012209	-0.025899	23.92	0.000623	0.0054	0.059661	0.014836	0.011586	-0.026522
20040331	0.130435	-0.010694	-0.016359	-0.04829	27.04	0.000844	0.006445	0.129591	-0.011538	-0.017203	-0.049134
20040430	-0.046598	-0.024231	-0.016791	-0.039961	25.78	0.000795	0.003202	-0.047393	-0.025026	-0.017586	-0.040756
20040528	0.088441	0.014125	0.012083	0.006805	28.06	0.000603	0.005851	0.087838	0.013522	0.01148	0.006202
20040630	0.159658	0.021582	0.017989	-0.004967	32.54	0.000817	0.003173	0.158841	0.020765	0.017172	-0.005784
20040730	-0.006146	-0.037667	-0.034291	-0.012252	32.34	0.000919	-0.001581	-0.007065	-0.038586	-0.03521	-0.013171
20040831	0.066481	0.002713	0.002287	-0.025267	34.49	0.001116	0.000528	0.065365	0.001597	0.001171	-0.026383
20040930	0.123514	0.020546	0.009364	0.012398	38.75	0.001185	0.002111	0.122329	0.019361	0.008179	0.011213
20041029	0.352258	0.017805	0.014014	0.046769	52.4	0.001129	0.005266	0.351129	0.016676	0.012885	0.04564
20041130	0.27958	0.04821	0.038595	0.052033	67.05	0.001541	0.000524	0.278039	0.046669	0.037054	0.050492
20041231	-0.039523	0.035179	0.032458	0.046053	64.4	0.001672	-0.003665	-0.041195	0.033507	0.030786	0.044381
20050131	0.194099	-0.026556	-0.02529	-0.052343	76.9	0.001661	0.002102	0.192438	-0.028217	-0.026951	-0.054004
20050228	0.16671	0.022672	0.018903	-0.007065	44.86	0.001641	0.005768	0.165069	0.021031	0.017262	-0.008706
20050331	-0.07111	-0.016935	-0.019118	-0.012962	41.67	0.002123	0.007821	-0.073233	-0.019058	-0.021241	-0.015085
20050429	-0.134629	-0.025186	-0.020109	-0.16415	36.06	0.002072	0.006725	-0.136701	-0.027258	-0.022181	-0.166222
20050531	0.102587	0.037955	0.029952	-0.008248	39.7593	0.002395	-0.001028	0.100192	0.03556	0.027557	-0.010643
20050630	-0.074179	0.011534	-0.000143	-0.017869	36.81	0.002263	0.000514	-0.076442	0.009271	-0.002406	-0.020132
20050729	0.158653	0.043327	0.035968	0.124798	42.65	0.002383	0.004627	0.15627	0.040944	0.033585	0.122415
20050831	0.099414	-0.005946	-0.011222	-0.031632	46.89	0.00292	0.005118	0.096494	-0.008866	-0.014142	-0.034552
20050930	0.143314	0.010565	0.006949	-0.004962	53.61	0.002848	0.01222	0.140466	0.007717	0.004101	-0.00781
20051031	0.07424	-0.020801	-0.017741	0.020693	57.59	0.002728	0.002012	0.071512	-0.023529	-0.020469	0.017965
20051130	0.177635	0.040385	0.035186	0.088178	67.82	0.003045	-0.008032	0.17459	0.03734	0.032141	0.085133
20051230	0.060012	0.003455	-0.000952	-0.075366	71.89	0.00316	-0.004049	0.056852	0.000295	-0.004112	-0.078526
20060131	0.050355	0.040033	0.025467	-0.010949	75.51	0.003488	0.007622	0.046867	0.036545	0.021979	-0.014437
20060228	-0.092968	-0.00164	0.000453	-0.010578	68.49	0.003322	0.002017	-0.09629	-0.004962	-0.002869	-0.0139
20060331	-0.084246	0.019055	0.011065	0.027792	62.72	0.003642	0.005536	-0.087888	0.015413	0.007423	0.02415
20060428	0.12229	0.012962	0.012187	-0.001576	70.39	0.003559	0.008509	0.118731	0.009403	0.008628	-0.005135
20060531	-0.150874	-0.031048	-0.030917	-0.02599	59.77	0.004195	0.004963	-0.155069	-0.035243	-0.035112	-0.030185
20060630	-0.041827	-0.000408	0.000087	-0.038548	57.27	0.00397	0.001975	-0.045797	-0.004378	-0.003883	-0.042518
20060731	0.18666	-0.001904	0.005086	0.00768	67.96	0.003976	0.002957	0.182684	-0.00588	0.00111	0.003704
20060831	-0.001619	0.025061	0.021274	0.049864	67.85	0.004283	0.001966	-0.005902	0.020778	0.016991	0.045581
20060929	0.134562	0.019424	0.024566	0.01198	76.98	0.004047	-0.004904	0.130515	0.015377	0.020519	0.007933
20061031	0.053261	0.037126	0.031508	0.1268	81.08	0.004076	-0.005421	0.049185	0.03305	0.027432	0.122724
20061130	0.130488	0.023705	0.016467	-0.001191	91.66	0.004243	-0.001487	0.126245	0.019462	0.012224	-0.005434
20061229	-0.074405	0.010833	0.012616	0.056897	84.84	0.004036	0.001489	-0.078441	0.006797	0.00858	0.052861
20070131	0.01049	0.019428	0.014059	0.020587	85.73	0.004328	0.003053	0.006162	0.0151	0.009731	0.016259
20070228	-0.013064	-0.013957	-0.021846	-0.059607	84.61	0.003837	0.00535	-0.016901	-0.017794	-0.025683	-0.063444
20070330	0.098097	0.012949	0.00998	0.014203	92.91	0.004257	0.009106	0.09384	0.008692	0.005723	0.009946
20070430	0.074158	0.039821	0.043291	0.084341	99.8	0.004348	0.006496	0.06981	0.035473	0.038943	0.079993
20070531	0.214339	0.038932	0.032549	0.046864	121.191	0.004046	0.006111	0.210293	0.034886	0.028503	0.042818
20070629	0.007005	-0.014756	-0.017816	-0.012664	122.04	0.003918	0.001938	0.003087	-0.018674	-0.021734	-0.016582
20070731	0.079646	-0.031756	-0.031982	0.051306	131.75999	0.003962	-0.000254	0.075684	-0.035718	-0.035944	0.047344
20070831	0.051002	0.011656	0.012864	0.058202	138.48	0.004205	-0.001834	0.046797	0.007451	0.008659	0.053997
20070928	0.108247	0.04086	0.035794	0.009512	153.47	0.003347	0.002756	0.1049	0.037513	0.032447	0.006165
20071031	0.237701	0.025835	0.014822	-0.014261	189.95	0.003212	0.002139	0.234489	0.022623	0.01161	-0.017473
20071130	-0.040695	-0.049222	-0.044043	-0.090768	182.22	0.003395	0.00594	-0.04409	-0.052617	-0.047438	-0.094163
20071231	0.087038	-0.004419	-0.008628	0.027762	198.08	0.002921	-0.000671	0.084117	-0.00734	-0.011549	0.024841
20080131	-0.31664	-0.062151	-0.061163	-0.009158	135.36	0.00243	0.004971	-0.31907	-0.064581	-0.063593	-0.011588
20080229	-0.076389	-0.021653	-0.034761	0.066754	125.02	0.001325	0.002904	-0.077714	-0.022978	-0.036086	0.065429
20080331	0.147816	-0.01042	-0.00596	0.011242	143.5	0.001869	0.008668	0.145947	-0.012289	-0.007829	0.009373
20080430	0.212195	0.051105	0.047547	0.048289	173.95	0.001025	0.006065	0.21117	0.05008	0.046522	0.047264
20080530	0.085082	0.023843	0.010674	0.076471	188.75	0.000946	0.008421	0.084136	0.022897	0.009728	0.075525
20080630	-0.112901	-0.078434	-0.085962	-0.084215	167.44	0.00175	0.010077	-0.114651	-0.080184	-0.087712	-0.085965
20080731	-0.050705	-0.01333	-0.009859	0.079727	158.95	0.00144	0.005251	-0.052145	-0.01477	-0.011299	0.078287
20080829	0.066562	0.010564	0.012191	-0.044929	169.53	0.001282	-0.003992	0.06528	0.009282	0.010909	-0.046211
20080930	-0.329558	-0.098005	-0.090791	-0.039185	113.66	0.00153	-0.001383	-0.331088	-0.099535	-0.092321	-0.040715
20081031	-0.053405	-0.184603	-0.169425	-0.205113	107.59	0.000792	-0.010101	-0.054197	-0.185395	-0.170217	-0.205905
20081128	-0.138675	-0.084615	-0.074849	-0.116919	92.67	0.000228	-0.019153	-0.138903	-0.084843	-0.075077	-0.117147
20081231	-0.07899	0.022149	0.007822	0.031373	85.35	0.000029	-0.010342	-0.079019	0.02212	0.007793	0.031344
20090130	0.056005	-0.077332	-0.085657	0.088997	90.13	0.000023	0.004352	0.055982	-0.077355	-0.08568	0.088974
20090227	-0.009098	-0.100184	-0.109931	0.009602	89.31	0.000147	0.004973	-0.009245	-0.100331	-0.110078	0.009455
20090331	0.177024	0.086693	0.085405	0.052809	105.12	0.000159	0.002432	0.176865	0.086534	0.085246	0.05265
20090430	0.197013	0.109359	0.093925	0.065229	125.83	0.000125	0.002496	0.196888	0.109234	0.0938	0.065104
20090529	0.079313	0.067789	0.053081	0.035074	135.81	0.000017	0.002889	0.079296	0.067772	0.053064	0.035057
20090630	0.048745	-0.003098	0.000196	-0.017501	142.42999	0.000075	0.00859	0.04867	-0.003173	0.000121	-0.017576
20090731	0.14716	0.081718	0.074142	0.129381	163.39	0.000119	-0.001586	0.147041	0.081599	0.074023	0.129262
20090831	0.0295	0.031466	0.03356	0.005681	168.21001	0.000116	0.002243	0.029384	0.03135	0.033444	0.005565
20090930	0.101896	0.045235	0.035723	0.013215	185.35001	0.000079	0.000625	0.101817	0.045156	0.035644	0.013136
20091030	0.016995	-0.027998	-0.019762	0.008361	188.5	0.00004	0.000963	0.016955	-0.028038	-0.019802	0.008321
20091130	0.060531	0.057099	0.057364	0.052152	199.91	0.000004	0.000708	0.060527	0.057095	0.05736	0.052148
20091231	0.054134	0.028419	0.017771	0.036011	210.73199	0.000062	-0.001761	0.054072	0.028357	0.017709	0.035949
20100129	-0.088591	-0.037098	-0.036974	-0.065011	192.063	0.000028	0.003417	-0.088619	-0.037126	-0.037002	-0.065039
20100226	0.06538	0.034775	0.028514	0.043468	204.62	0.00001	0.000249	0.06537	0.034765	0.028504	0.043458
20100331	0.14847	0.063605	0.058796	0.008572	235	0.000068	0.004106	0.148402	0.063537	0.058728	0.008504
20100430	0.111021	0.020011	0.014759	0.005848	261.09	0.000111	0.001737	0.11091	0.0199	0.014648	0.005737
20100528	-0.016125	-0.079141	-0.081976	-0.023953	256.88	0.000112	0.000775	-0.016237	-0.079253	-0.082088	-0.024065
20100630	-0.020827	-0.050721	-0.053882	-0.01421	251.53	0.000127	-0.000976	-0.020954	-0.050848	-0.054009	-0.014337
20100730	0.022741	0.071554	0.068778	0.039844	257.25	0.000142	0.000211	0.022599	0.071412	0.068636	0.039702
20100831	-0.055005	-0.042818	-0.047449	-0.035981	243.10001	0.000126	0.001381	-0.055131	-0.042944	-0.047575	-0.036107
20100930	0.167215	0.091518	0.087551	0.089418	283.75	0.000125	0.000582	0.16709	0.091393	0.087426	0.089293
20101029	0.060723	0.038532	0.036856	0.070523	300.98001	0.000112	0.001245	0.060611	0.03842	0.036744	0.070411
20101130	0.03379	0.005165	-0.00229	-0.010376	311.14999	0.000114	0.000421	0.033676	0.005051	-0.002404	-0.01049
20101231	0.03667	0.067152	0.0653	0.037466	322.56	0.00014	0.001718	0.03653	0.067012	0.06516	0.037326
20110131	0.051959	0.019157	0.022646	0.103843	339.32001	0.000066	0.004763	0.051893	0.019091	0.02258	0.103777
20110228	0.040935	0.038164	0.031957	0.003272	353.20999	0.000122	0.004931	0.040813	0.038042	0.031835	0.00315
20110331	-0.013314	0.003374	-0.001047	0.007351	348.50751	0.000067	0.009751	-0.013381	0.003307	-0.001114	0.007284
20110429	0.004656	0.028689	0.028495	0.046054	350.13	0.000053	0.006439	0.004603	0.028636	0.028442	0.046001
20110531	-0.006569	-0.014933	-0.013501	-0.005276	347.82999	0.000013	0.004704	-0.006582	-0.014946	-0.013514	-0.005289
20110630	-0.03496	-0.018395	-0.018258	0.015509	335.67001	0.000035	-0.001071	-0.034995	-0.01843	-0.018293	0.015474
20110729	0.163285	-0.02247	-0.021474	0.060041	390.48001	-0.000028	0.000886	0.163313	-0.022442	-0.021446	0.060069
20110831	-0.014469	-0.057471	-0.056791	-0.050536	384.82999	0.000083	0.002758	-0.014552	-0.057554	-0.056874	-0.050619
20110930	-0.009121	-0.084873	-0.071762	0.017218	381.32001	-0.000001	-0.00029	-0.00912	-0.084872	-0.071761	0.017219
20111031	0.061523	0.113984	0.107723	0.055813	404.78	0.000014	0.00092	0.061509	0.11397	0.107709	0.055799
20111130	-0.055783	-0.006225	-0.0050586	0.022315	382.20001	0.000004	0.00001	-0.055787	-0.006229	-0.0050626	0.022311
20111230	0.059655	0.003701	0.00853275	-0.021915	405	0	0.00208	0.059655	0.003701	0.00853275	-0.021915
