Date	Pct Change, S&P 500	Pct Change in Housing Starts	Private Housing Starts
19791231	1.68		1498
19800131	5.76	-10.48064085	1341
19800229	-0.44	0.67114094	1350
19800331	-10.18	-22.44444444	1047
19800430	4.11	0.382043935	1051
19800530	4.66	-11.79828735	927
19800630	2.7	29.01833873	1196
19800731	6.5	6.10367893	1269
19800829	0.58	13.15996848	1436
19800930	2.52	2.437325905	1471
19801031	1.6	3.535010197	1523
19801128	10.24	-0.853578464	1510
19801231	-3.39	-1.854304636	1482
19810130	-4.57	4.385964912	1547
19810227	1.33	-19.45701357	1246
19810331	3.6	4.81540931	1306
19810430	-2.35	4.134762634	1360
19810529	-0.17	-16.17647059	1140
19810630	-1.04	-8.333333333	1045
19810731	-0.22	-0.38277512	1041
19810831	-6.21	-9.702209414	940
19810930	-5.38	-3.085106383	911
19811030	4.91	-4.171240395	873
19811130	3.66	-4.12371134	837
19811231	-3.01	8.721624851	910
19820129	-1.75	-7.362637363	843
19820226	-6.05	2.728351127	866
19820331	-1.02	7.505773672	931
19820430	4	-1.503759398	917
19820528	-3.92	11.77753544	1025
19820630	-2.03	-12	902
19820730	-2.3	29.26829268	1166
19820831	11.6	-10.2915952	1046
19820930	0.76	9.369024857	1144
19821029	11.04	2.534965035	1173
19821130	3.61	16.96504689	1372
19821231	1.52	-5.029154519	1303
19830131	3.31	21.71910975	1586
19830228	1.9	7.124842371	1699
19830331	3.31	-5.473808122	1606
19830429	7.49	-8.343711083	1472
19830531	-1.23	20.65217391	1776
19830630	3.52	-2.421171171	1733
19830729	-3.3	3.000577034	1785
19830831	1.13	7.00280112	1910
19830930	1.02	-10.47120419	1710
19831031	-1.52	0.292397661	1715
19831130	1.74	4.081632653	1785
19831230	-0.88	-5.434173669	1688
19840131	-0.92	12.38151659	1897
19840229	-3.89	19.13547707	2260
19840330	1.35	-26.4159292	1663
19840430	0.55	11.30487072	1851
19840531	-5.94	-4.15991356	1774
19840629	1.75	3.88951522	1843
19840731	-1.65	-6.022788931	1732
19840831	10.63	-8.429561201	1586
19840928	-0.35	7.061790668	1698
19841031	-0.01	-6.360424028	1590
19841130	-1.51	6.226415094	1689
19841231	2.24	-4.558910598	1612
19850131	7.41	6.141439206	1711
19850228	0.87	-4.617182934	1632
19850329	-0.29	10.29411765	1800
19850430	-0.46	1.166666667	1821
19850531	5.41	-7.742998353	1680
19850628	1.21	-0.238095238	1676
19850731	-0.48	0.477326969	1684
19850830	-1.2	3.503562945	1743
19850930	-3.47	-3.843947217	1676
19851031	4.25	9.427207637	1834
19851129	6.51	-7.415485278	1698
19851231	4.51	14.36984688	1942
19860131	0.24	1.544799176	1972
19860228	7.15	-6.288032454	1848
19860331	5.28	1.515151515	1876
19860430	-1.41	3.038379531	1933
19860530	5.02	-4.086911536	1854
19860630	1.41	-0.377562028	1847
19860731	-5.87	-3.519220357	1782
19860829	7.12	1.40291807	1807
19860930	-8.54	-6.640841173	1687
19861031	5.47	-0.355660937	1681
19861128	2.15	-3.450327186	1623
19861231	-2.83	12.93900185	1833
19870130	13.18	-3.218767049	1774
19870227	3.69	0.563697858	1784
19870331	2.64	-3.251121076	1726
19870430	-1.15	-6.488991889	1614
19870529	0.6	0.867410161	1628
19870630	4.79	-2.088452088	1594
19870731	4.82	-1.191969887	1575
19870831	3.5	1.904761905	1605
19870930	-2.42	5.607476636	1695
19871030	-21.76	-10.61946903	1515
19871130	-8.53	9.306930693	1656
19871231	7.29	-15.4589372	1400
19880129	4.04	-9.214285714	1271
19880229	4.18	15.89299764	1473
19880331	-3.33	4.005431093	1532
19880429	0.94	2.676240209	1573
19880531	0.32	-9.663064209	1421
19880630	4.33	4.011259676	1478
19880729	-0.54	-0.744248985	1467
19880831	-3.86	1.772324472	1493
19880930	3.97	-0.066979236	1492
19881031	2.6	2.010723861	1522
19881130	-1.89	3.08804205	1569
19881230	1.47	-0.382409178	1563
19890131	7.11	3.71081254	1621
19890228	-2.89	-12.09130167	1425
19890331	2.08	-0.210526316	1422
19890428	5.01	-5.836849508	1339
19890531	3.51	-0.597460792	1331
19890630	-0.79	4.958677686	1397
19890731	8.84	2.14745884	1427
19890831	1.55	-6.657323055	1332
19890929	-0.65	-3.978978979	1279
19891031	-2.52	10.24237686	1410
19891130	1.65	-4.184397163	1351
19891229	2.14	-7.4019245	1251
19900131	-6.88	23.98081535	1551
19900228	0.85	-7.350096712	1437
19900330	2.43	-10.29923452	1289
19900430	-2.69	-3.180760279	1248
19900531	9.2	-2.884615385	1212
19900629	-0.89	-2.887788779	1177
19900731	-0.52	-0.509770603	1171
19900831	-9.43	-4.782237404	1115
19900928	-5.12	-0.448430493	1110
19901031	-0.67	-8.648648649	1014
19901130	5.99	12.91913215	1145
19901231	2.48	-15.37117904	969
19910131	4.15	-17.64705882	798
19910228	6.73	20.9273183	965
19910328	2.22	-4.559585492	921
19910430	0.03	8.686210641	1001
19910531	3.86	-0.4995005	996
19910628	-4.79	4.016064257	1036
19910731	4.49	2.606177606	1063
19910830	1.96	-1.317027281	1049
19910930	-1.91	-3.241182078	1015
19911031	1.19	6.305418719	1079
19911129	-4.39	2.224281742	1103
19911231	11.16	-2.175883953	1079
19920131	-1.99	8.989805375	1176
19920228	0.96	6.292517007	1250
19920331	-2.18	3.76	1297
19920430	2.79	-15.26599846	1099
19920529	0.1	10.46405824	1214
19920630	-1.74	-5.68369028	1145
19920731	3.94	-0.524017467	1139
19920831	-2.4	7.638279192	1226
19920930	0.91	-3.262642741	1186
19921030	0.21	4.890387858	1244
19921130	3.03	-2.411575563	1214
19921231	1.01	1.070840198	1227
19930129	0.7	-1.385493073	1210
19930226	1.05	0	1210
19930331	1.87	-10.49586777	1083
19930430	-2.54	16.1588181	1258
19930528	2.27	0.158982512	1260
19930630	0.08	1.587301587	1280
19930730	-0.53	-2.03125	1254
19930831	3.44	3.668261563	1300
19930930	-1	3.307692308	1343
19931029	1.94	3.648548027	1392
19931130	-1.29	-1.149425287	1376
19931231	1.01	11.40988372	1533
19940131	3.25	-17.02544031	1272
19940228	-3	5.110062893	1337
19940331	-4.57	16.97830965	1564
19940429	1.15	-6.329923274	1465
19940531	1.24	4.163822526	1526
19940630	-2.68	-7.667103539	1409
19940729	3.15	2.129169624	1439
19940831	3.76	0.764419736	1450
19940930	-2.69	1.655172414	1474
19941031	2.08	-1.628222524	1450
19941130	-3.95	4.206896552	1511
19941230	1.23	-3.706154864	1455
19950131	2.43	-3.298969072	1407
19950228	3.61	-6.467661692	1316
19950331	2.73	-5.09118541	1249
19950428	2.8	1.441152922	1267
19950531	3.63	3.709550118	1314
19950630	2.13	-2.511415525	1281
19950731	3.18	14.05152225	1461
19950831	-0.03	-3.080082136	1416
19950929	4.01	-3.31920904	1369
19951031	-0.5	0	1369
19951130	4.1	6.062819576	1452
19951229	1.74	-1.446280992	1431
19960131	3.26	2.51572327	1467
19960229	0.69	1.63599182	1491
19960329	0.79	-4.493628437	1424
19960430	1.34	6.460674157	1516
19960531	2.29	-0.791556728	1504
19960628	0.23	-2.460106383	1467
19960731	-4.57	0.340831629	1472
19960830	1.88	5.774456522	1557
19960930	5.42	-5.266538215	1475
19961031	2.61	-5.627118644	1392
19961129	7.34	6.968390805	1489
19961231	-2.15	-7.9919409	1370
19970131	6.13	-1.094890511	1355
19970228	0.59	9.667896679	1486
19970331	-4.26	-1.951547779	1457
19970430	5.84	2.402196294	1492
19970530	5.86	-3.351206434	1442
19970630	4.35	3.606102635	1494
19970731	7.81	-3.815261044	1437
19970829	-5.74	-3.270702853	1390
19970930	5.32	11.22302158	1546
19971031	-3.45	-1.681759379	1520
19971128	4.46	-0.657894737	1510
19971231	1.57	3.708609272	1566
19980130	1.02	-2.618135377	1525
19980227	7.04	3.868852459	1584
19980331	4.99	-1.073232323	1567
19980430	0.91	-1.723037652	1540
19980529	-1.88	-0.25974026	1536
19980630	3.94	6.8359375	1641
19980731	-1.16	3.473491773	1698
19980831	-14.58	-4.946996466	1614
19980930	6.24	-1.982651797	1582
19981030	8.03	8.407079646	1715
19981130	5.91	-3.206997085	1660
19981231	5.64	7.951807229	1792
19990129	4.1	-2.455357143	1748
19990226	-3.23	-4.462242563	1670
19990331	3.88	2.395209581	1710
19990430	3.79	-9.18128655	1553
19990528	-2.5	3.734707019	1611
19990630	5.44	-3.227808814	1559
19990730	-3.2	7.055805003	1669
19990831	-0.63	-1.258238466	1648
19990930	-2.86	-0.788834951	1635
19991029	6.25	-1.651376147	1608
19991130	1.91	2.487562189	1648
19991231	5.78	3.640776699	1708
20000131	-5.0904	-4.215456674	1636
20000229	-2.0108	6.173594132	1737
20000331	9.672	-7.656879678	1604
20000428	-3.0796	1.371571072	1626
20000531	-2.1915	-3.136531365	1575
20000630	2.3934	-1.015873016	1559
20000731	-1.6341	-6.157793457	1463
20000831	6.0699	5.331510595	1541
20000929	-5.3483	-2.206359507	1507
20001031	-0.4949	2.786994028	1549
20001130	-8.0069	0.129115558	1551
20001229	0.4053	-1.225016119	1532
20010131	3.4637	4.438642298	1600
20010228	-9.2291	1.5625	1625
20010330	-6.4205	-2.153846154	1590
20010430	7.6814	3.710691824	1649
20010531	0.509	-2.668283808	1605
20010629	-2.5004	1.931464175	1636
20010731	-1.0772	2.078239609	1670
20010831	-6.4108	-6.167664671	1567
20010928	-8.1723	-0.319081047	1562
20011031	1.8099	-1.408450704	1540
20011130	7.5176	4.025974026	1602
20011231	0.7574	-2.122347066	1568
20020131	-1.5574	8.290816327	1698
20020228	-2.0766	7.714958775	1829
20020328	3.6739	-10.22416621	1642
20020430	-6.1418	-3.045066991	1592
20020531	-0.9081	10.8040201	1764
20020628	-7.2465	-2.664399093	1717
20020731	-7.8995	-3.61094933	1655
20020830	0.4881	-1.329305136	1633
20020930	-11.0013	10.4715248	1804
20021031	8.6436	-8.647450111	1648
20021129	5.707	6.371359223	1753
20021231	-6.0333	1.996577296	1788
20030131	-2.7415	3.635346756	1853
20030228	-1.7004	-12.08850513	1629
20030331	0.8358	5.954573358	1726
20030430	8.1044	-4.808806489	1643
20030530	5.0899	6.573341449	1751
20030630	1.1322	6.624785837	1867
20030731	1.6224	1.606855919	1897
20030829	1.7873	-3.373748023	1833
20030930	-1.1944	5.782869613	1939
20031031	5.4962	1.444043321	1967
20031128	0.7129	5.897305541	2083
20031231	5.0765	-1.248199712	2057
20040130	1.7276	-7.097715119	1911
20040227	1.2209	-3.401360544	1846
20040331	-1.6359	8.234019502	1998
20040430	-1.6791	0.25025025	2003
20040528	1.2083	-1.098352471	1981
20040630	1.7989	-7.723372034	1828
20040730	-3.4291	9.518599562	2002
20040831	0.2287	1.098901099	2024
20040930	0.9364	-5.87944664	1905
20041029	1.4014	8.7664042	2072
20041130	3.8595	-13.996139	1782
20041231	3.2458	14.59034792	2042
20050131	-2.529	4.99510284	2144
20050228	1.8903	2.938432836	2207
20050331	-1.9118	-15.54145899	1864
20050429	-2.0109	10.56866953	2061
20050531	2.9952	-1.746724891	2025
20050630	-0.0143	2.12345679	2068
20050729	3.5968	-0.676982592	2054
20050831	-1.1222	1.996105161	2095
20050930	0.6949	2.673031026	2151
20051031	-1.7741	-3.9981404	2065
20051130	3.5186	3.97094431	2147
20051230	-0.0952	-7.126222636	1994
20060131	2.5467	13.99197593	2273
20060228	0.0453	-6.775186978	2119
20060331	1.1065	-7.07881076	1969
20060428	1.2187	-7.516505841	1821
20060531	-3.0917	6.644700714	1942
20060630	0.0087	-7.209062822	1802
20060731	0.5086	-3.607103219	1737
20060831	2.1274	-5.008635579	1650
20060929	2.4566	4.242424242	1720
20061031	3.1508	-13.31395349	1491
20061130	1.6467	5.298457411	1570
20061229	1.2616	5.031847134	1649
20070131	1.4059	-14.55427532	1409
20070228	-2.1846	5.039034776	1480
20070330	0.998	1.013513514	1495
20070430	4.3291	-0.334448161	1490
20070531	3.2549	-5.033557047	1415
20070629	-1.7816	2.332155477	1448
20070731	-3.1982	-6.491712707	1354
20070831	1.2864	-1.772525849	1330
20070928	3.5794	-11.05263158	1183
20071031	1.4822	6.846999155	1264
20071130	-4.4043	-5.300632911	1197
20071231	-0.8628	-13.36675021	1037
20080131	-6.1163	4.532304725	1084
20080229	-3.4761	1.752767528	1103
20080331	-0.596	-8.884859474	1005
20080430	4.7547	0.796019901	1013
20080530	1.0674	-3.948667325	973
20080630	-8.5962	7.502569373	1046
20080731	-0.9859	-11.75908222	923
20080829	1.2191	-8.559046587	844
20080930	-9.0791	-2.843601896	820
20081031	-16.9425	-5.243902439	777
20081128	-7.4849	-16.08751609	652
20081231	0.7822	-14.11042945	560
20090130	-8.5657	-12.5	490
20090227	-10.9931	18.7755102	582
20090331	8.5405	-13.23024055	505
20090430	9.3925	-5.346534653	478
20090529	5.3081	12.9707113	540
20090630	0.0196	8.333333333	585
20090731	7.4142	1.538461539	594
20090831	3.356	-1.346801347	586
20090930	3.5723	-0.170648464	585
20091030	-1.9762	-8.717948718	534
20091130	5.7364	10.11235955	588
20091231	1.7771	-1.19047619	581
20100129	-3.6974	5.851979346	615
20100226	2.8514	-1.951219512	603
20100331	5.8796	3.814262023	626
20100430	1.4759	9.744408946	687
20100528	-8.1976	-15.57496361	580
20100630	-5.3882	-7.068965517	539
20100730	6.8778	2.040816327	550
20100831	-4.7449	10.18181818	606
20100930	8.7551	-1.485148515	597
20101029	3.6856	-9.715242881	539
20101130	-0.229	2.226345084	551
20101231	6.53	-4.537205082	526
20110131	2.2646	20.91254753	636
20110228	3.1957	-18.55345912	518
20110331	-0.1047	14.47876448	593
20110429	2.8495	-7.41989882	549
20110531	-1.3501	0.72859745	553
20110630	-1.8258	11.21157324	615
20110729	-2.1474	0	615
20110831	-5.6791	-4.87804878	585
20110930	-7.1762	10.42735043	646
		-2.786377709	628
		9.076433121	685
		-4.087591241	657
