Modeled for Average HALT Score
6.99303904
6.46828052
7.46638734
7.08982382
6.58263581
7.7934679
7.44921267
5.24655128
7.94310982
7.15012496
7.16775049
6.22864208
8.27589529
6.93991243
6.45627684
6.057869
7.61115305
6.95344344
6.65752606
6.49377121
5.30057743
7.19529716
7.26812705
6.17803709
9.22458799
7.57661328
8.45933102
5.68328255
7.14048725
7.34321327
9.0439382
8.72037709
7.17716082
6.20447717
8.2322797
6.90180141
9.27269905
5.99445941
7.58520663
8.06915144
6.44401602
7.67341688
7.79126625
7.67243814
6.55164601
8.65717013
6.31431965
5.86630807
6.84958428
6.73644464
6.18593762
6.13664175
5.52835562
6.22950768
5.89315257
7.00666693
5.60284919
4.87150699
6.90315727
6.59138914
6.25059738
5.4103005
6.27417171
6.4998735
7.14870914
8.29253283
6.03972042
8.24499695
5.20958159
6.46198057
7.56760364
6.5415713
6.32963531
7.14365969
7.68130622
5.84303821
6.27195248
7.21808191
5.39070117
7.06590535
6.70905209
6.83546936
6.3240805
7.28983175
6.75403014
7.51426325
7.00754905
8.49446324
7.65598211
4.49793933
6.53617737
7.63968881
6.10906689
7.814224
7.87154844
7.57356406
5.3625612
6.32537454
5.83830777
7.12733569
9.77862436
7.67192177
6.35188918
8.37450411
7.94076975
7.17464813
6.45773041
7.51152636
6.46736241
5.3872084
6.26525584
6.69003695
7.71818713
6.51456081
7.60394467
6.88230109
8.83826453
7.32015442
6.70158073
7.78054633
7.06594313
6.84408768
6.42348619
8.5090498
7.14945378
6.90078418
7.9775488
7.27568929
6.50465441
7.6254183
6.61501118
7.38471128
7.3030153
7.12920418
8.69291255
5.77489876
6.69025221
5.91071632
6.72606974
7.53719967
7.50912093
7.07767486
8.26902249
7.87515414
7.52387661
6.50716302
7.64227724
7.5004506
7.37805722
6.82387556
6.61526513
7.73060248
5.18382871
7.37331488
8.1406097
9.09042948
6.18619323
8.43613107
5.87276172
5.92278837
7.04352634
7.7039644
6.97555356
6.97178577
4.78632445
5.98698101
7.5341474
6.58673371
6.33448719
8.17973226
9.05220441
6.59155175
7.47211275
5.51662682
7.81291064
6.87666
6.56180326
5.89471762
7.14114915
6.37076541
6.93133936
8.34378401
6.47452454
7.446993
7.35831853
5.5801959
7.73218197
5.71319085
6.69529381
5.94335746
6.17213053
7.6864733
8.34594599
6.55366315
7.19313386
8.13673074
7.23114657
8.75619074
7.35420948
6.35394889
8.22799171
7.17886392
5.66653318
7.04260484
7.5436608
6.00516623
7.37801767
7.48183642
5.98962655
6.0414768
5.85755016
6.64103062
7.81520199
6.53031675
6.17625562
6.0603575
7.47590112
7.2790569
7.60187316
6.60445552
6.11805608
6.88159983
6.34169169
5.51047965
8.06382095
6.53148362
7.66904569
6.53603755
7.54633453
7.99104345
6.40295685
5.53769721
7.73311025
6.42814013
7.17055005
6.67871059
7.46387533
7.55913811
7.38973787
5.58372273
8.64226073
6.9667785
6.8203179
7.84654223
7.43207012
8.00159215
6.49320488
7.32042118
8.11638965
6.71609706
6.80102274
4.45963242
7.48604615
8.29994056
8.31602416
7.53307145
7.21635084
7.25260394
8.36787066
6.6062335
5.77289195
8.68096799
7.62666272
8.05512725
9.07413953
7.18546533
6.20608512
6.75648835
7.44612904
6.95056099
8.13077907
4.60070055
6.68069429
7.37210627
8.49607006
7.66559924
5.65514112
7.39664436
8.07996728
6.71195399
8.31905802
5.94450538
5.40100149
6.7893887
6.85769196
7.31194041
7.27460524
6.33986728
6.3681841
7.91011806
5.31227951
6.02082448
8.00857312
6.92849362
6.95327598
7.46013821
5.80857289
8.90199007
7.32097098
7.67307541
6.20360616
7.1317573
7.42840878
6.48989232
5.71676667
7.73738857
8.15548208
6.73428522
8.4061481
8.72132557
8.1090613
8.17031944
7.05874136
7.42171917
6.18672353
8.06192989
6.55793415
6.90469493
5.61650567
7.97054744
8.26897007
7.80967576
6.13241168
7.31516012
5.75037215
8.02028982
6.92634152
5.99320183
6.03890376
5.84489339
7.05368425
7.65999489
6.58305592
6.34846873
7.49127707
5.14478307
6.25859303
6.99389483
6.83275979
6.97196924
6.18015899
7.28319141
5.70218706
8.15339466
8.69038609
7.24308412
7.66522469
6.95371558
8.10158909
7.28469033
8.46276865
6.27721183
7.51359146
8.23431365
7.10941174
4.9027728
6.37651174
6.66213769
6.74872711
6.91971912
4.51561273
8.36832134
5.35121089
7.74074743
7.04430835
6.87125621
6.68575
7.63178288
7.78121497
7.28990239
6.4116926
6.73641478
6.42776977
7.30109118
6.00173267
4.72280415
5.45844461
7.95560295
6.29570676
5.71553881
6.82691465
9.25566419
7.39225978
7.65816716
7.4908472
8.74769989
6.46942414
7.5546525
5.40642892
6.81101537
7.8201753
7.97489642
7.58117763
7.20473113
7.47418236
6.48859453
7.87157579
6.59025564
7.91945455
7.07234191
9.28312316
6.80541637
5.22158769
6.94833667
7.23037496
8.04565447
8.7842614
6.14154934
6.25444386
7.31355591
6.80580731
5.99274169
6.60189144
8.42091804
6.25463775
5.75639578
6.61832127
6.28466323
7.06883748
7.0394462
7.37267724
7.2782094
7.06576542
5.65504711
7.02987047
7.13477747
7.59863144
6.84273399
7.40074756
8.19690742
5.90770122
8.07158685
6.61061437
6.70161364
5.81198093
7.67470211
7.07697055
6.7280856
7.14503408
6.20362628
7.1754996
6.25103874
8.72569645
7.89626969
8.23410746
6.14764597
6.62035788
7.56453851
8.58349878
7.39753694
7.18844543
5.16327007
6.77036951
6.36926751
7.7811957
7.81585449
5.17352636
6.58192712
7.09988158
8.70406219
7.65519005
7.98381258
7.49530505
6.29691145
6.46461933
5.94507349
6.23072394
7.37278584
5.85585263
6.83233556
6.55839463
8.46813501
8.11642834
7.08076134
7.12559651
7.02412213
5.91219476
7.28416042
7.56459885
7.44150607
6.76846135
7.09424971
6.52979383
6.56621718
6.74240198
5.9848654
6.48337417
7.36173162
6.86431777
7.80149186
6.95490547
7.49018399
6.18005029
6.90059203
6.94327202
7.17758677
6.47970282
7.48940012
7.71853406
8.07119954
6.556748
7.07583198
7.28698319
7.50227574
7.02157955
7.95464913
6.25293188
7.89635884
7.1782691
5.33147422
7.20417058
6.6962851
6.13395378
6.66085566
6.77221113
7.95310992
7.15208886
6.45390722
6.12482495
8.75950863
6.72837502
6.26151071
4.84528683
6.47349197
7.2410206
5.64368409
8.22931469
6.58989966
7.5906143
5.92067632
7.80729712
7.14515458
6.52407557
5.53918548
7.72565217
6.61883316
7.33368205
8.09699914
8.57679999
7.8549575
8.24868132
6.14782851
7.82942456
7.67500828
7.3339637
8.04416868
7.87934034
7.58773418
6.63313881
6.50555192
7.62505967
6.33304459
5.8045225
7.38240934
9.07422452
6.68389289
7.03006005
6.59903363
5.66439504
7.44008523
7.86937059
4.91065945
8.6365402
5.26485633
5.30168834
6.88513155
5.44711785
7.35832236
6.87188669
6.96222961
6.3902982
6.74139659
7.17367965
7.95306237
7.43295319
9.30184478
4.30966903
5.61298122
6.73344489
5.55389773
6.66222428
7.03733424
7.92374802
7.56659798
6.63925592
7.72277086
6.54548576
7.52202149
6.48311562
6.40239676
8.39496116
8.26968547
8.66255153
6.62014836
6.38862558
6.45814661
8.5345087
7.61839917
5.99024978
8.2102662
8.67988929
6.69025235
9.32264709
7.90641842
7.00528204
7.35197881
8.95626263
8.15563904
6.4365137
7.63927245
7.36420142
6.9204428
7.4250478
8.10465479
5.46505031
6.91545107
5.44618882
7.4163052
7.48945028
7.81404605
7.87652441
7.5455891
7.16520081
6.73995645
6.74973549
5.74898623
7.31071315
7.78357647
7.40737561
6.12054014
5.93475144
6.92273487
5.28327574
5.7267084
6.64944535
6.89463916
6.00090103
8.60741653
7.02906454
6.80841104
6.42934752
6.35523147
7.56014173
7.40067283
7.1997303
7.16451386
7.8053747
7.43442787
7.54562952
5.95573102
7.72445295
7.37797937
7.98584176
7.12964442
7.0549082
6.67769525
5.8998471
6.9217676
6.32271239
6.48150518
6.76071792
6.08574893
6.39501572
6.90221094
6.15491866
7.10434675
8.15904804
7.63093416
9.62111385
6.6226875
6.1391394
5.67822551
6.98605531
6.97518027
7.23145593
6.75817636
7.22987222
6.1708615
6.9855586
8.3592246
7.43679974
6.71475366
8.43088809
5.0829
5.18241725
7.46384308
6.50764208
5.73954231
6.05830967
7.94537916
7.5669855
7.60819405
6.75141063
7.69959738
6.42166436
6.62168843
8.44461287
7.24112866
7.57986883
6.88395425
6.88795806
6.81677124
5.07021795
8.55799958
6.65766693
7.19222169
7.20413727
8.7740102
5.764442
8.31156242
6.49588797
5.56427904
5.85778947
7.2519238
6.46435989
6.77837742
7.19768288
6.98435034
7.97106798
6.85823282
6.7306871
6.85285631
7.21891824
6.70917148
5.93156993
6.70659784
7.4618089
7.42247606
7.43548974
7.09556476
6.62455804
8.99940101
7.09651409
6.34423155
6.869465
6.59339453
6.42207422
5.88447706
8.88243485
5.84511022
4.69405385
6.88205347
9.07861212
8.18672485
6.66214388
5.26425267
6.56332731
8.72182751
8.27902095
6.83288795
6.77016695
7.62781406
6.24701708
8.29354328
6.81232191
8.74844056
6.50568901
7.00136488
6.60928567
8.12708442
7.85095686
6.1480116
7.25571549
7.12424144
5.65545524
7.99778641
7.76583726
5.609013
6.53662675
5.71638675
6.56474616
5.18129454
5.84575454
6.15899834
6.60929418
7.00299638
5.36046251
6.24065318
7.29973728
5.25498767
8.04587331
6.49461261
6.22168557
6.91694041
6.33000613
7.61416729
7.92265616
6.26756699
5.53347945
7.36750627
8.47479745
7.27168327
8.1426427
7.50978297
6.92643817
7.52004148
8.75477201
7.22243765
6.53619164
7.57675778
7.47810167
7.25111847
7.68459359
7.09453824
7.57680454
5.93843316
6.18580981
7.27138564
6.30597481
7.40657619
5.91673269
6.62348455
6.92009268
7.82166608
8.18184871
7.80828649
6.91339276
7.83718575
8.90018061
7.55011159
6.56780182
6.00522387
6.25041008
5.44407475
6.37299252
8.15414265
7.89435831
6.62565204
8.78979696
6.81356041
6.5173485
7.20617067
7.45382115
5.6045389
8.36041626
7.4190272
6.79698513
6.4941417
7.01190481
6.42677178
6.99202654
5.83320145
7.17865078
8.27106858
7.47568944
7.83884331
7.56003784
7.63025042
6.76835653
6.67718516
7.16674676
7.77791996
7.76620107
7.5157135
8.00174589
6.71878443
6.51100679
7.49398321
7.24957343
6.58296153
8.20116957
8.14755743
8.62508101
6.56149129
7.61134031
7.89579847
6.62761835
6.40264209
5.92313017
8.13547204
6.29511831
6.01775909
8.00401175
6.30789047
8.31085704
7.25457122
7.40649087
5.04564034
7.92169534
5.92886094
6.49595232
5.71207143
6.96022314
7.67523822
6.57578518
6.86496887
7.47001195
7.57597682
6.59422172
8.72205952
8.85497632
6.16070174
5.99351862
7.80709257
9.49801014
7.18465433
7.92301931
6.77667095
7.80526344
6.43914611
7.55843688
8.18347295
8.12212931
5.28763342
8.11274453
6.48163399
7.06462615
7.51934858
6.44023743
8.32269436
7.84571755
7.68685162
6.39352057
8.75382335
6.28427118
7.47848041
8.76080165
7.13782172
8.28417581
7.81877347
7.22250874
7.03200928
8.52436416
7.95393374
7.40125158
9.12699751
5.90124348
7.2391611
8.25919288
8.24403025
7.5952919
8.28680746
7.07139819
6.3609444
7.29512611
6.23631493
6.48850912
5.23052028
6.12626357
7.4044818
7.48011221
5.88907087
8.23151338
7.6140443
7.59878526
9.06655074
6.60464051
6.39206325
6.76239816
6.47495214
7.75376435
6.27841386
6.27375081
6.98358182
7.49518967
6.92693622
7.53900821
7.48426843
5.86136379
8.11325907
7.26699605
7.63887321
8.99588966
5.76959879
5.26973799
7.68428591
5.24612944
6.33343062
6.53009562
9.51244742
6.72837937
7.02440564
7.07829204
6.87462078
6.28763268
7.0297276
7.92532759
6.72227484
7.44883988
7.53601237
6.94974633
7.00226474
6.69165164
7.57494909
7.19338125
7.66155095
7.32141918
8.73492175
5.91035461
7.7772251
7.86054001
7.82040941
4.58874221
5.88052188
6.54711187
6.88486723
7.40375763
7.22391664
6.51928873
6.36856444
6.31001002
6.39758437
6.4418925
6.80103539
8.09050261
8.09783594
7.05488547
6.99804069
6.91108028
8.34584422
6.89830311
6.93245439
6.90524334
6.23859222
6.42661378
8.17688629
6.31807893
6.50362669
6.63059472
6.58021099
8.48912554
7.40205307
7.89019523
6.01729435
8.62819178
8.47881649
7.99742955
7.82183657
5.72542143
8.41112294
6.29898847
6.83558371
7.06593505
5.75070514
7.06957073
7.93238042
7.28328962
7.41181725
7.89137428
6.45341907
9.05288674
6.68102528
8.54560402
8.57001179
5.76635116
4.86010922
6.8061299
7.09989665
7.04478531
6.24668104
7.65103728
5.71122246
5.79646372
6.67125311
8.06813075
6.79139458
7.22908461
7.80750098
6.99621302
6.06609319
6.87019106
7.86499307
6.54953085
8.48806228
5.57674855
6.73026302
8.18269575
6.48528708
5.92580017
6.54405856
6.09920269
5.3982503
7.02570615
7.38210892
6.15235398
8.5570129
7.5957356
6.3789672
5.91732095
7.19620894
7.90226825
7.16275807
6.48438774
5.03290039
5.97912135
7.35537923
6.45778463
7.05085057
6.36307594
7.73307101
7.55314666
6.92467312
8.24937228
7.7719586
6.28475121
5.99164799
7.92626309
6.54563656
6.05372888
8.14003688
5.9489426
7.06774881
7.66341518
7.54948701
9.01954893
7.90103
6.84482497
6.68810938
7.91602224
6.5987434
7.41825629
6.50790452
6.52741918
5.72855717
9.02135485
6.23215138
6.65028192
5.86402436
7.81775363
8.03095914
6.41810589
7.10705394
7.03537016
6.6853845
7.6330577
7.89510164
8.28078602
7.00240895
6.41219516
7.00195616
7.72521192
7.220042
7.15034859
7.2643787
5.89508886
8.07740597
7.08550585
7.14612333
7.06334614
6.32702885
7.66302337
7.6251472
7.98020997
7.15925441
6.18976064
7.54774182
5.57756132
7.66745199
7.94215003
8.39012968
8.49387514
6.83941608
6.24768479
7.41403619
7.40985115
6.25439146
6.02619755
6.54852043
6.45909746
6.70096539
5.54450175
8.64754847
5.95170511
6.03628209
5.88191508
6.86510075
5.94036674
7.2002634
6.66611963
7.31125164
7.97302096
6.7481268
8.23805483
6.2249274
6.74669918
8.12240735
6.62862625
6.95603402
7.75001604
6.74952355
6.34966718
6.8513656
6.45635744
5.9685525
6.15873328
7.74426214
6.25409831
6.10173971
7.33360363
6.02266184
7.43529668
7.15380079
6.46643549
6.46450607
7.32623663
7.32982381
6.79907995
7.4730194
9.80672006
5.93452438
6.02104957
7.08261633
7.38066814
6.27513678
6.04923221
7.6824509
6.13071098
7.0805766
6.46349272
6.61355419
8.44611662
6.53628532
8.1448999
7.95721845
6.90401425
8.47326091
6.55180982
7.64461685
8.02021634
7.40375966
6.34029173
6.92217282
6.23317683
8.81638691
6.42630158
6.63694581
7.7619151
7.04214753
7.67317406
8.18243265
5.95211453
7.39453642
7.68123392
7.12870901
8.19993986
6.19092691
7.23575529
7.03076741
6.24652353
6.47900476
7.46768278
7.54253995
7.78105495
6.94358883
6.91048044
7.9779331
7.3128825
8.19594168
7.15037669
7.79205211
8.08921912
7.49048667
7.17990305
6.66363037
6.23707895
5.68439929
8.34156719
5.63905956
6.7070672
6.00057223
5.86501279
7.83661605
7.02676465
8.5652235
6.45355926
6.20081315
7.13679053
6.03646413
7.79130651
6.40989395
6.23832137
6.43308913
7.42930995
7.9642095
7.42659072
6.93302129
7.08895582
6.87468027
5.74270631
8.08270567
6.48880445
7.06954628
6.70618657
8.02698883
7.53536887
7.9128171
6.77924851
7.55022064
6.7782928
8.28004909
6.58314398
7.68017327
6.10145594
5.17987902
7.25009465
6.39815137
6.52654797
6.02327759
6.00637285
7.18753455
8.22005871
7.10036832
7.50021561
7.74156359
6.93526327
7.46326729
8.48469853
5.87070365
6.29021724
7.45387329
9.02169858
7.18216559
7.68133758
7.23822354
7.27496713
6.89396472
8.26008975
7.94318374
6.54243752
7.39676535
7.35496163
8.29285867
7.65058359
4.82747924
7.90757864
6.81354094
8.24543793
6.93100355
5.91805337
6.44494293
7.76541202
6.80199616
7.83233399
7.7220914
7.47474003
7.25178145
7.66326597
7.2577355
6.66386941
7.08445756
6.71773077
6.4639788
7.18122026
6.35197067
7.12003428
6.00754811
7.92639481
6.77780654
6.85315467
7.22614783
8.68258398
7.71636049
6.0799077
7.83117325
6.97581297
6.19717902
7.6488585
6.8788953
7.2243187
7.70704223
6.02627793
5.87458164
7.31107567
7.70532779
6.23627761
7.50980091
6.97457135
6.73291765
5.86321124
7.69118037
7.15331124
7.40197786
6.7408097
5.87594667
6.27606055
8.78271563
4.41224261
6.43187643
7.16393667
6.43917272
6.33897888
6.5421632
7.28083386
9.0555048
7.35107552
6.03317385
6.95267429
7.93091801
7.13014101
5.8115666
5.43890211
6.98810797
7.41690305
5.96112321
7.20269564
6.33331459
6.45261331
7.09284669
8.03358303
7.07095415
7.64334583
7.43477431
7.68578254
8.19163126
6.49411709
6.71712997
5.05052852
8.20375706
6.60777342
8.09127844
7.04833486
6.61264724
7.82709705
5.99505951
7.54968504
7.75977306
7.04457631
6.2072083
5.8347497
7.42489912
6.21031136
9.20581458
7.95116273
6.25357257
6.98763749
8.57346265
6.79611255
5.69049155
7.4138561
6.84030981
6.23082811
5.00078935
6.48247777
6.39239437
6.81447576
6.60986097
7.79576404
5.01405255
6.89927581
6.77159363
7.13065763
8.7268577
7.49413533
8.26923916
6.05861695
7.45293308
6.28586426
6.98968747
7.42101692
6.27447834
6.79847415
5.17141159
5.96549019
7.78004499
5.80521284
7.01644398
7.1698364
6.22281376
7.47089392
6.91164911
6.10712305
6.74740664
7.75286375
6.84579283
6.3762149
7.81104369
6.98870877
6.92847931
5.81319748
7.01854359
7.30959962
5.86882772
7.60641396
7.8754689
7.74926803
8.55974725
8.85694449
6.74619636
6.08038016
6.1677509
5.49094239
7.04017163
5.31469071
8.56466542
7.2884063
8.93730849
8.42945436
7.72183176
6.29904833
7.84870247
7.0335904
7.63585703
5.79523169
6.92071484
6.43852384
7.02684138
8.46377714
7.64908523
8.8439376
7.47404252
6.56692911
8.32532472
6.22322165
5.43452568
7.17052599
7.37321471
6.74365289
6.88548849
6.79951122
6.98089867
8.27662278
6.37754154
5.8819146
7.75497885
7.16566242
6.91239553
7.82376797
7.8642988
5.9274551
5.67464696
5.47011478
6.7562147
9.22695992
6.51379607
8.12472434
7.86256106
8.01939476
6.69394923
6.34315196
6.91159692
8.50389893
5.84753661
7.74620927
6.90400313
6.57233846
7.26077545
6.4218461
6.09662494
5.96244019
6.91335997
8.12326188
6.42711739
7.39007381
6.22121135
5.6277886
6.84933398
6.3076467
7.70882456
8.24162747
6.19039003
7.07243587
5.37755602
8.29921901
5.07084599
7.08007217
6.77573425
6.52707848
6.59473371
7.30948368
8.23031687
6.11673679
7.6945241
6.92166029
7.52499046
6.99962405
6.52588349
7.4915017
7.47431457
5.16869314
8.89253942
8.35311426
9.01987809
5.53914165
6.25280322
5.90182826
7.33846428
6.73751976
7.32034204
7.83430737
6.75450442
5.97441959
7.32588293
6.57887714
6.97219232
6.59632383
5.77938852
7.79556433
6.57304283
5.83096582
7.48367731
7.51461816
7.0886361
7.33138733
7.12965132
6.2361031
6.13697799
7.22827089
6.5733518
6.32764057
7.3608289
6.76003325
7.43443685
7.25691937
7.15095218
7.691487
6.78293019
8.68855373
7.27437931
5.83914134
7.03113251
6.92660096
7.30476653
6.46498976
8.2949856
7.50483629
7.13632092
7.25361794
8.26237269
7.32824538
6.76922394
7.14638666
6.09445513
8.19338438
6.13926506
7.05453485
8.36077443
6.31397756
7.04343469
7.36694021
6.76917314
6.01357412
6.92562029
8.11963438
5.58314288
7.9394037
8.11929334
6.68513559
8.68950927
7.19783264
7.53295326
6.46289669
7.86874743
6.49067083
6.21836799
7.8913023
6.70187805
7.37564535
8.65073558
5.34919509
8.0000053
7.08239786
8.70819743
6.34439804
6.41354433
6.87586653
6.80886216
7.73796658
6.46429201
5.78689331
7.05563337
6.50744497
5.8890683
6.64787198
5.58148717
7.86164503
6.10886286
8.1014228
6.45628629
7.9962672
6.55436369
7.81398124
6.46880819
6.75589997
9.20378958
7.60652355
5.57887476
7.73057676
7.17338432
7.80223541
8.02145025
6.3727996
6.57693533
5.85515447
6.96116443
6.78010649
5.54551422
8.02421056
9.03957937
7.35245293
8.50463509
6.63304237
7.85521572
8.17566562
9.19282984
7.89359628
6.24101587
6.66428928
7.52409691
6.85793968
7.54395036
7.09967879
7.76527928
7.47708149
6.58428097
7.05540102
7.78474759
8.7889189
8.16059548
7.25220521
6.24695405
7.19107802
6.15608108
6.17771242
4.14486857
5.63744735
6.59444939
6.46075562
7.12482901
7.72446431
7.71735561
7.35583439
7.23904471
6.9077785
8.6765374
6.74234365
8.41501796
6.47815081
6.79935612
7.08812534
7.18838524
8.1870382
7.09101817
6.81511589
7.53360379
8.44182499
6.83269125
7.12243921
6.262611
7.77477767
7.95785311
7.62903644
5.90040753
5.30067635
6.60970413
6.8569576
8.02155416
6.87581994
7.93774639
6.66687518
7.84095891
7.05124757
7.93988358
8.10905205
7.9543915
6.94300142
5.55661582
7.91095233
8.31910882
8.32599954
7.82926776
7.77056823
7.84813194
7.5288599
6.98450639
7.69302741
7.63121434
7.89905622
8.90170816
4.99554643
7.37728696
7.92170179
4.96668325
6.21612127
7.40791984
8.16430875
6.84835578
6.89076946
7.38940579
6.43090037
6.92960238
6.89805909
7.54111739
5.97115115
7.3011593
5.22697523
8.98880625
6.98890575
6.18781483
6.24297452
7.5583739
6.9656884
8.2516498
7.18062574
5.515444
6.75238338
7.00503402
6.62371652
6.77047984
8.84222257
7.61933841
6.58311653
6.12371237
6.79207945
8.00364895
8.09500483
6.11728276
6.0608414
5.29546872
6.61107544
6.66558941
6.80648232
6.23549911
7.64860373
6.38185514
7.70060949
7.36644831
6.54156723
7.40483246
7.3497077
7.11238641
6.82485079
6.29091212
7.01695614
7.11520225
6.4752375
7.50724629
5.9981775
8.49699841
6.9709387
5.39452706
8.50023042
6.89480201
6.44718346
5.46898602
6.43925546
7.56177166
5.43748386
6.98289586
5.75954736
7.90967904
6.92112509
7.16559788
6.79631587
6.0845852
6.13116156
7.73585809
6.60142908
7.82385887
6.76008879
6.10606053
6.5088347
8.05496154
6.12723388
7.8092615
6.22132057
6.46792595
7.49246296
6.00547648
6.61206966
8.14344339
6.74835175
6.45372983
8.18205013
7.23922914
7.0673243
8.58303242
8.32493477
6.35841852
7.36526199
7.4958192
7.89958605
6.68903705
5.78174062
5.44033821
6.88765938
8.27587716
8.00981942
5.20689963
8.43640962
5.40060626
7.46378752
7.67612002
8.98866565
6.49298878
6.24364125
5.92103605
7.82974807
6.85336028
5.60709144
9.14802061
7.37869795
7.80447132
6.57827194
6.03146579
8.14716647
6.58375033
6.70327472
7.26405382
8.14829364
8.41515642
7.75201099
4.49456094
7.39323365
7.17274064
6.72512751
7.48423385
7.38858666
5.73985112
7.27419352
5.79637281
5.41107627
8.94328731
7.4150869
8.42033242
6.58484324
5.44737265
8.15809647
8.71936253
7.82893093
7.0270619
6.41773833
5.65493887
7.24017878
6.45620774
5.60437829
6.78021822
4.83735197
7.03754082
6.81743406
6.64144563
7.78524977
6.94557939
5.62461198
7.81468376
7.15686235
5.9331182
6.38706181
6.60952039
8.01310752
6.88452934
7.77079306
7.45166117
7.30096594
5.73631706
7.83876269
7.67375491
6.51437628
7.43060363
5.88974471
8.38521842
8.0576945
7.44333296
8.3789596
6.62707657
7.90328639
7.91955066
6.82074719
6.17089176
7.15142263
8.55339032
6.22789172
5.79566627
7.16206
7.57911071
6.81206295
5.88480692
6.55831986
7.47624389
7.69308512
7.94693014
7.69285334
7.21385934
6.23282042
6.24515897
6.27003376
5.58061856
7.40648949
6.93166047
7.7608312
8.32456131
6.91435771
8.02182001
8.25631159
6.31689283
8.1217906
7.07287857
5.87451747
6.86550518
6.82693768
6.03897156
6.88713554
6.61768089
6.71851213
7.39034596
7.03569395
6.28772761
6.52409273
5.81723895
6.80701676
6.60339407
6.97836593
6.83675796
7.76886604
7.96418249
7.42518799
8.82704238
7.73981999
7.022284
6.00306158
7.28675682
7.32225317
6.52594692
7.27105941
7.08284124
8.87632961
7.6642606
6.58068032
6.47864542
6.09864038
8.01091788
7.40901577
7.74021485
8.11976096
5.8672938
5.59969172
7.34376289
7.32979589
6.453621
8.59418269
6.64769596
7.63343768
7.42148247
8.03966939
5.50072471
7.54713881
5.6704847
7.66923312
8.22832064
8.89592572
7.92553642
7.04317262
7.78869697
6.23546522
7.33354559
5.91047948
8.56812882
8.04175284
8.70756564
7.04063584
6.03131797
6.32673417
7.53095619
8.32112403
7.01268596
8.36122005
6.78367398
8.0158026
7.99500433
6.41274166
7.41527421
7.1528465
6.72466867
6.0826578
7.49789707
7.9330947
6.39701633
8.04985361
6.91727997
6.5323663
6.11818326
7.80631826
9.53249687
8.5412918
8.62716652
6.67238147
7.4650091
8.24016912
7.31171761
6.66407998
6.97223078
6.12234774
7.67242895
6.23578894
7.10413031
6.12690442
6.14366816
8.02516591
7.86649085
8.23102719
8.93246586
7.40275625
6.77991434
5.96120296
6.32073582
6.35324056
7.16691893
5.59210161
6.30990052
6.17442396
6.58075008
6.30557533
7.62691379
6.55123314
6.73607218
6.26552533
6.98327327
7.8310172
7.50600788
5.95422415
7.9295807
5.15210173
7.27563098
8.03055982
6.96857582
9.2343471
6.28173238
6.80466583
8.05449491
6.60680823
7.36249821
9.1548842
6.36333728
6.29448115
5.47652465
7.8551576
8.76132344
7.31227648
6.23455909
8.12189325
7.22562725
7.00153544
7.26835452
7.08510896
7.49920955
6.1848493
8.02714101
6.96498993
6.46368899
6.21803982
7.46972219
8.10855026
6.80211216
9.08688664
5.42418222
7.48624749
7.72069497
8.19982912
7.52692093
6.02746761
6.35914514
7.00608596
4.85089778
7.40453781
5.32862192
7.62854511
7.86754186
6.41130186
6.81458148
4.54298129
6.1567606
6.63306627
5.77450068
9.75836351
8.08815965
6.95854847
6.08767301
6.80831711
6.12788817
6.71569845
7.52082887
7.02270881
4.88472286
6.02497
7.30558316
7.88165772
6.77530547
8.22901471
8.19733728
6.81038232
6.35719332
7.83375033
7.2086147
7.9776599
6.9183844
8.03711935
6.45633229
6.71184849
7.41207572
6.74764901
6.5847926
7.3222049
6.30086784
8.45741235
5.89327652
7.01053848
7.02087247
6.23587306
6.01783817
6.03474241
6.73888364
8.0114579
6.52050156
6.8314271
7.25193717
6.7831804
8.09085563
6.22329247
7.74104455
7.58685349
8.87204422
5.66985308
7.0827895
6.41594135
7.06360948
6.62521285
6.4084866
5.83286341
6.38034554
7.92944474
6.01542253
6.23558785
7.27003403
7.5617295
7.51756014
6.11217308
7.75694166
5.91015364
7.61946175
5.37549695
7.55465269
7.55624995
6.65673186
7.27630273
7.89737052
6.1114634
6.74640204
5.78994202
6.25155753
7.32203802
7.62832831
7.67984303
7.3095321
7.17968296
6.18051692
7.78327612
7.73972509
7.17678291
6.52269924
6.7398436
7.31454469
7.5385486
8.31443372
7.33974945
7.37023837
5.89069484
6.72621704
5.70173171
7.73172976
5.55337659
7.82849257
8.54166696
7.52879576
5.17227539
6.09881865
8.12975426
7.63202207
6.85399803
7.03082351
6.20632757
8.40915101
6.61721224
6.27805196
6.42148471
7.31440423
7.1346609
5.32127152
6.39481829
5.39259931
6.59793141
8.13626937
7.1166142
6.0135265
6.65174638
6.15133364
7.11866168
6.76547926
8.09470854
7.74962695
7.4877883
6.46812721
6.6489238
7.04363363
8.18088861
8.35562615
7.48422475
7.26845991
8.65010182
7.20134999
6.28224656
7.23559265
8.20296738
7.63696337
5.38492885
7.28516277
7.56330277
6.24186452
7.99327922
8.15765367
4.7039993
7.19202515
6.37604898
6.01634614
5.63366427
6.11835775
7.43775061
5.88713163
7.30098818
7.60573061
7.02182256
5.93974746
7.57610153
5.972275
4.50051782
8.33383318
7.38187713
7.77713891
7.13129972
5.70955622
7.69044521
6.46958287
6.94329515
7.01858594
5.615539
5.47752081
7.41124101
7.14994663
7.15447311
8.76631317
7.44461524
8.2233961
8.07172514
8.06554174
7.81999709
8.24248171
6.89827009
5.91122272
6.31579659
7.53196694
6.00692759
6.04826245
6.71894211
7.67936462
7.29623976
8.35087752
7.60413552
7.80267544
5.97275312
8.47610492
5.48388406
6.49107399
8.75686056
7.12978162
8.43149321
7.04673389
6.83519164
7.54632972
4.82853073
6.19034416
7.31769831
7.89467639
7.08534671
8.41563404
6.47014332
7.64317917
4.71286572
7.65211145
5.19918223
7.37978332
6.26818557
5.2236046
6.55386098
7.83249693
7.0309876
7.00312006
7.38072181
5.76825517
8.01551206
7.44342392
7.16457937
6.50803274
7.86255081
6.90469016
6.88043984
8.4015364
8.5309186
4.30583976
7.57904942
6.75162855
6.56168983
7.64716041
6.26083321
6.97082157
8.10800345
7.48002839
8.35745969
6.43620797
7.61922756
6.96766005
6.78721188
7.63741937
6.65561848
7.65897611
6.24758707
8.01749129
7.10739253
6.57148594
8.01074172
5.92573299
5.48741457
5.52006835
7.66497894
7.40024308
6.75251965
7.70284856
6.42607617
7.50617228
7.54803387
8.14657452
6.04977993
6.8974641
6.33539082
6.85378901
7.24283603
6.86477578
7.74203211
6.90278602
7.22418533
6.32753018
7.26630373
6.89679854
5.6542305
7.33178214
7.57438568
7.25763038
6.05255053
7.77192355
6.24184109
6.34982717
7.2963046
6.69696858
6.52581984
7.17839726
6.4453175
7.44893789
7.43613552
6.50450462
6.22349405
7.42827853
7.97614584
6.84369812
5.63804692
6.89072709
7.57938126
7.6705586
7.14048837
6.9695044
6.91009598
6.98492512
8.63795626
6.97424608
5.87764268
8.14210084
6.92368967
7.14375848
6.81422841
7.51155283
5.48051611
6.77596007
8.00256901
5.07662698
7.73701972
7.850685
6.93223367
6.84801584
6.42689701
7.73032226
7.16487132
6.70005356
7.15245171
7.38222823
9.06880899
7.43999412
5.84651798
7.94786218
5.87867208
6.16088096
7.78955101
5.81312411
7.16272577
5.01027633
6.61966846
5.90682962
7.11564084
6.58489989
7.12083277
5.92107365
7.99052483
7.68700429
7.83551068
7.31441761
7.4231356
6.39976023
4.32078208
7.12214798
8.07924362
8.56945728
7.53231254
5.65809237
5.96788363
7.67936114
5.8401755
7.8865308
5.93618375
8.47204314
7.69514262
5.46735548
7.21270447
7.27196071
7.10775309
6.00809937
7.30517257
7.68060669
6.69695107
6.9290711
6.37107592
7.57669568
7.34584349
8.1883132
7.32215811
8.14863914
6.24115972
6.84184548
8.7586366
7.53143288
7.73981106
8.44409054
5.71884913
6.26445132
7.61888545
6.69943813
6.414947
7.04338293
6.28901755
6.2466448
7.52565223
6.92179699
7.3269353
6.37067195
6.86572748
6.92364334
7.00576099
5.23791086
7.02010142
7.17502516
6.45163047
7.83989516
7.36468717
7.55116097
7.50782468
7.11059701
7.17745174
8.4673143
7.21200937
6.57673669
9.33825157
5.73508007
5.72514238
7.39749359
6.18998753
8.35655068
7.07306362
8.06861081
7.0976122
7.74834426
5.44416543
7.81400974
6.74283668
6.86891184
6.74636203
6.8818724
6.33292738
5.65518227
6.50317265
7.21845649
8.02812097
7.79345557
7.33563995
5.76162252
7.62525611
8.19101264
6.63041423
7.19939613
6.30992048
6.99866691
6.300024
7.18914119
7.55568405
6.29326599
6.32096184
5.80368598
7.33540287
8.11072045
5.5866703
7.00582579
7.42765245
6.72769402
8.25703169
6.30645203
7.79931573
6.83127955
6.03039809
7.13734077
6.60607312
6.88328546
6.99807257
7.73864548
7.64406385
8.3267585
7.12928367
6.41773838
7.49973545
6.71690115
7.0372027
7.30598846
6.01695864
7.13530386
6.18246298
7.36676175
8.44195643
7.35570133
5.61668819
7.34121832
6.39952311
7.99939673
7.64515343
7.1063153
6.41589858
7.14293988
6.77222655
7.55710624
7.09580697
5.36232584
6.22677706
9.10825131
7.87432313
5.6227145
7.94788332
7.86071024
5.50868188
8.48222906
8.41996824
5.6036679
7.8806608
5.33975795
7.75625488
7.810051
7.87875102
8.05869131
7.09274577
7.1370893
6.2584649
7.37597105
6.37707047
6.55019951
7.39805008
7.92026957
6.65600228
8.02461172
8.59635974
5.86199049
7.54008613
7.32749577
6.17235586
5.68826959
7.3330437
8.14597952
6.87419622
7.85665681
8.8533836
6.07248652
6.75478022
5.54391158
5.73207064
7.09316959
7.60520646
7.71119119
7.29259823
5.5440424
7.99994098
8.43568155
5.24955384
7.21912193
6.85230642
8.23117003
8.30972778
8.40324743
6.35916685
7.6300816
6.70662084
6.68518269
7.25334298
7.25496487
6.53253767
7.95752914
7.16094673
7.31996921
7.13512571
7.08183991
6.49174487
7.55055221
6.94149737
7.53162403
6.84794221
7.44508945
8.32873249
7.41846382
8.69971998
6.28206369
8.97439551
6.64613111
5.70583102
6.08775108
6.92080943
6.24385767
6.29775249
7.05152555
6.31493577
7.3420325
6.75819506
6.54114363
7.05620554
6.26773263
7.08747456
6.98368138
7.09986585
5.77628376
7.96325915
6.77236674
7.81071972
6.9801342
7.07760806
5.64931309
7.06387843
6.49335783
7.17586235
6.93758741
8.167824
7.17253368
7.43764622
7.11098789
7.47028918
7.21932393
5.87671819
7.02130465
5.96455422
7.56749433
7.98461228
7.78460872
6.28853301
7.53827056
6.10717609
6.2023969
8.61471001
8.97312967
6.52671794
7.4059221
7.05044134
7.02911314
6.01620811
5.75182109
7.11758519
6.95576836
8.25965047
5.36340458
7.16716307
6.20458327
7.70160371
7.8940455
7.72344394
6.23979785
8.25056805
7.69579064
9.57129861
9.8872923
6.63580035
7.22875842
7.49713063
7.57542598
6.03055226
5.32887437
7.29889719
7.52547113
5.95080701
6.99765132
6.93079422
7.13759923
6.94925769
8.04582904
5.96518859
5.21818155
6.19887112
6.54056239
9.04099509
6.3259359
7.34437063
7.02701687
6.42908795
8.30523809
7.98199082
6.11285115
7.2587358
7.61835532
7.11531845
7.43296586
6.61528002
5.93766711
7.04189005
8.37544792
5.56524989
7.99917965
6.11719527
8.14779484
6.68410063
6.89421122
7.99256219
7.8684367
6.56488386
7.09985589
6.82758078
6.20488731
8.08176549
7.14896223
6.91070879
6.69665917
7.32549476
6.80559399
6.90346285
6.74447993
4.70692785
5.76729065
6.22498852
7.5182614
6.02696506
6.73928397
7.51671878
8.03512299
6.90552434
6.20520656
7.90860525
7.77338308
7.88155434
7.8785226
6.46468426
8.00205031
7.47143816
6.51741421
7.46325411
5.95110649
6.97026622
8.52694447
7.35397963
6.49637275
6.25335894
8.049494
8.10210101
7.01559893
5.05024976
6.35393841
7.42967392
6.65147897
9.91532196
5.99068675
7.13967953
6.85867865
6.26690743
7.51014496
7.52161753
5.82612608
6.04282156
6.16339885
7.93398968
7.1777443
5.57774684
6.40941039
7.11974804
5.06085917
6.01173615
7.78930788
6.80962788
7.22495464
7.73079492
8.18181069
7.20623163
7.05912217
7.53702501
8.88336403
6.41237736
7.27891983
6.82695908
5.88407408
8.1683302
8.7118902
7.1710371
7.93738805
6.40977837
8.90050779
6.86222847
7.52471277
7.15219421
5.84452966
5.76506246
7.15712675
7.06216323
5.92532495
8.17967519
8.50304372
8.70693307
6.11496623
8.08829309
8.11301053
6.93182669
7.13873667
6.6361152
5.33237038
7.68472903
7.9651593
6.63024529
7.18751767
5.29974974
7.18334853
6.06523569
7.02830016
6.95530941
5.4377706
7.98767094
7.31323115
7.28016784
6.74384321
7.51735359
6.89701753
6.86895969
7.86939975
6.64191838
7.45054354
6.25303334
7.05099644
7.08682315
6.38878799
6.78828991
7.32191056
6.02217871
7.21042457
6.08209176
7.77812823
8.30040135
6.72858146
6.7675984
7.14674342
5.17317529
6.78296291
5.72259357
7.85593755
6.64602135
5.92080782
7.08077574
7.94485842
6.54475669
6.93901551
6.78598907
7.23967458
5.62127295
7.41138188
7.23411755
6.61634812
5.69017828
7.41442119
6.70196268
7.37229517
6.20693658
6.09297719
6.35418135
7.31664713
7.90931661
8.13341968
6.43275726
7.40052903
6.06348183
8.8413897
7.24469196
6.20857787
6.1998149
8.22950239
6.80489526
7.41954959
7.97362198
4.64831159
7.69576172
6.97908367
7.10367232
8.59163624
8.45491353
7.15026869
7.29491544
8.35914477
6.93532578
7.33110875
4.28966748
8.38894527
8.08227902
7.04537677
7.43484405
7.4605226
8.46320394
8.36163275
5.0643981
5.89874651
5.96774257
7.24878162
7.30132834
7.1678499
6.95627999
6.84903603
8.802591
8.56034533
6.51332569
6.61436394
6.10510453
5.88451656
7.28177568
7.41850717
7.12079205
6.26073713
6.21566438
6.68325602
6.03043597
6.43248576
8.88090398
7.76336761
5.88290487
7.40331062
6.94394859
6.09797701
8.31206997
6.89610013
5.1511361
7.45114757
7.98643428
7.66335762
7.54538273
6.74545297
5.75447155
7.43223342
6.55817034
5.92399024
6.71898638
5.77834233
6.85668066
7.50728713
6.21394636
8.0967462
7.96023552
7.3375021
6.25516162
6.40378756
6.29506617
8.86868004
7.33408405
6.88240546
7.81138621
6.46577014
5.66578785
7.32545851
6.49424203
8.00728697
7.66586633
7.06316222
8.19866803
7.76748943
7.57028825
7.68595321
6.61534101
7.06183381
7.31732621
6.63942718
7.55581126
8.02683283
4.20732214
8.39321627
8.32247823
6.86833368
6.48858786
5.60856703
6.22419852
6.97493457
7.06395219
7.22726281
8.4018431
7.24854728
8.31244828
6.07536055
6.98420898
8.23871884
5.55566354
8.82482754
8.0833535
6.77373657
6.56894535
8.20788683
6.15010823
5.44095954
6.49814419
6.75097525
5.48167757
8.45490343
7.28967856
6.64304373
7.56961238
6.58062026
8.32511228
7.92305175
7.32148453
6.45450493
7.21385895
6.64530853
6.68932309
5.34409888
6.94395032
7.38950376
6.5456061
6.66795933
6.55556354
7.28592873
6.28865969
5.6579903
8.63191227
8.06376583
6.80700417
7.05025694
6.37386695
7.88118266
7.30230336
7.0089432
6.84746241
6.3941472
7.93106882
7.15663106
8.36432492
6.9294863
6.5947821
7.43066097
7.275545
7.49857603
7.26539973
6.44374374
7.59518217
5.73232176
6.36319276
5.62256832
5.81907572
7.22247271
6.69765041
6.77773458
6.28501008
6.0461359
6.04233361
7.19581581
7.11092872
5.97754363
7.27492252
6.96638655
6.20663392
7.14214647
7.12955782
5.85898085
6.35101831
8.11961036
7.23870331
7.36033362
6.12897244
5.75980977
6.33712948
5.00047927
5.43521967
8.13679494
7.62876
7.15398573
7.85319951
5.57787056
5.79024354
6.82920707
7.32404346
6.08773671
7.20316318
6.05297796
7.73642898
7.95512092
8.24124021
7.07044667
7.41076
7.3997004
6.50117548
5.65693833
6.11249609
6.64067568
8.03838519
6.45634663
7.15527394
7.67261726
7.68829752
7.8415706
7.87704556
8.23956541
6.66827941
8.6551328
8.63559762
7.39035871
7.76029362
6.26750802
5.95093251
6.23829424
6.34835435
7.93510029
6.8625849
6.22717907
8.6069357
5.20241504
8.03510683
7.41449201
6.39727074
6.26326644
6.95432658
8.00952025
6.13439987
7.06232497
5.34543467
6.10274738
7.08447682
6.63238267
6.70030266
6.7482822
7.06947677
8.49484365
6.75093153
8.5471224
6.37652201
7.8927409
7.22509874
6.84747544
7.976472
6.47146483
7.82526822
6.24585217
6.98819715
6.82936689
6.60811737
6.45536172
5.56500966
7.44638486
7.10315717
7.02384771
5.07285972
7.01016214
8.58836517
6.18041018
6.5765535
6.29578369
5.82084078
7.31073448
5.81517055
8.19277986
6.65658728
7.04428865
5.60941513
6.23194427
7.71494614
8.56601181
5.82884983
7.3119325
6.91013015
8.29023428
6.63214663
6.13020646
7.60419926
5.97320796
6.75191925
5.68769985
7.41219037
7.02431939
8.04662027
6.17373027
6.88402993
6.44194124
5.15910622
7.23028597
5.35120088
7.09128377
5.54281402
8.92481042
9.2509094
5.12130548
7.55113188
7.34621697
6.92626027
7.63808757
6.24962028
8.14964931
7.08816616
5.72729205
4.39509966
6.94030646
6.5959461
6.4139218
7.51060184
7.49503149
6.3236377
6.61521467
6.76963151
6.69108416
4.74608375
7.47991797
6.50267223
8.00259227
8.57618782
7.60955793
7.17512474
8.50579749
6.97796295
7.88737433
6.15995776
6.97575716
7.40840883
7.41969588
6.49971779
7.8887798
8.63107087
8.45455099
6.37780248
5.73414367
7.43616478
7.06063554
7.54372681
6.59729069
6.29936011
7.32387306
6.14191566
8.20824744
6.4697113
6.58485539
6.88084592
9.29997254
7.42730153
6.09042505
8.39118761
6.85268348
7.19772096
5.86529554
8.55554452
8.40057543
5.3634782
7.95094824
7.45868644
8.3048573
5.64321664
8.33233668
7.9929645
6.69369051
6.71275251
6.68080218
6.35310342
5.68462966
6.79370368
8.35675777
7.02849154
6.14998989
8.53526644
6.8853614
7.50834229
6.66174557
7.01912742
6.86277238
7.63333352
6.38829309
6.88137541
7.77586349
6.99177572
7.47631516
7.13387489
6.37926511
8.65505513
8.93691422
6.8754393
7.88785142
5.60708278
8.10209598
5.3048532
6.50023122
6.08283703
6.12720693
6.93435434
7.55529195
6.2117535
6.2953593
6.75980997
8.47637671
6.47521441
7.30859645
7.18414635
6.30294204
8.36244561
5.13898632
5.39303296
6.46078215
8.69811347
7.82410111
6.94814104
8.17917648
5.82991128
8.07414798
5.06335853
7.81888377
8.26938268
8.15480529
7.88248154
7.23599066
6.90895695
7.249836
6.77834078
5.3165493
6.20707268
7.92261571
7.05147379
7.5702825
5.89639974
6.63643168
8.44936489
7.25283896
7.81113574
7.09177207
5.68498224
7.74974027
7.6160582
7.91446875
6.98376369
8.28393596
7.02036831
7.05961062
7.56409771
5.36073848
4.92579509
7.27297285
9.17914479
6.29171116
7.2260557
7.03919328
7.9273314
5.58645929
7.2127473
6.64001313
6.51870915
6.1635186
5.16558376
7.07535135
5.85470153
7.10639827
6.2172503
6.36828886
6.65886949
7.52370096
6.70243024
6.1676451
6.81976925
7.05507657
8.17924983
6.6860672
7.18406021
6.77741462
7.49417189
7.59841541
6.43466469
7.51447056
7.20231552
7.37002633
5.94852926
7.44787593
5.90498573
7.15430925
5.90415002
6.96867392
8.02138683
6.90008
8.66477298
7.10313148
5.88785505
7.46210934
6.64450782
7.74464857
7.53247231
6.89272782
6.11329537
6.02753463
7.61694198
7.13400167
7.89068239
7.91190983
6.87576672
6.78466836
6.97362371
7.25538223
5.77340961
7.12049683
7.64724821
6.66573393
7.31672438
5.45910113
7.69309524
5.74967495
7.55466798
5.45684956
7.84296463
6.91983315
6.1311594
7.88333085
7.11772296
6.20306681
6.66949855
6.51427708
7.81654544
6.57838487
7.61630283
6.49659764
7.71859994
7.00775504
8.49359399
7.23365241
7.35429568
7.29737395
5.56487596
7.7108414
7.73333233
5.36012559
7.24317336
7.69399698
6.35234921
6.96822316
6.9127264
6.29706319
7.79956795
7.19323303
7.28515998
7.88286381
5.01422589
8.05090734
7.17665013
6.5672344
7.53128654
7.64395021
9.7964254
8.71564473
6.12893687
5.38762814
8.84583619
5.22143197
6.48374107
6.60304531
8.29218504
6.7029974
5.87169115
6.07726504
7.71543542
6.67551146
8.70021903
6.90667419
6.60615889
6.53222743
8.33926431
7.10995478
6.0475152
6.79869425
7.99011281
7.22488977
7.79275224
7.38879202
8.49954407
5.74264053
6.1956362
8.35841181
7.58114426
7.66851442
6.87075317
6.90863919
7.58744611
7.12891668
7.1289678
5.33834622
6.85898297
8.62575498
7.18405035
8.06724268
6.39171231
7.12403993
7.06899049
7.92927617
7.77684795
7.19950179
7.65287179
7.4533374
7.2284581
7.63344878
7.16007554
7.82566325
7.25110497
6.73688885
8.52841538
5.76376804
7.56193972
6.26520292
6.40147788
7.36550763
5.37539768
7.05901572
6.79111045
7.42042709
7.97381309
6.08587516
5.20156751
7.80579052
5.41332478
7.75357761
5.88581936
8.91529362
7.67398542
7.00442497
7.07724253
6.41693276
8.15239091
6.7076125
7.30919434
7.43578191
6.16192731
6.31269849
8.02292719
6.15800665
6.38094618
5.22497145
6.47478804
6.74689992
7.69504949
6.73334363
5.69481059
8.01134969
6.99935365
7.11927053
7.11994583
7.52224368
6.05046201
6.40934092
6.44669056
7.01164567
6.0229311
6.56293744
6.29095505
6.56058846
8.29779036
8.83359848
6.19371359
5.83963107
8.40612766
6.94816038
6.67896765
8.74131134
7.63601411
6.1711443
6.84311323
7.73861235
5.68822401
5.45993596
6.78016116
6.3240314
8.32407074
6.83144383
6.84672683
6.64130967
6.80876026
7.32560226
5.45463858
6.12813361
6.46820542
8.70488596
7.24673985
6.70109054
8.00252214
6.2415222
7.43883009
7.64678805
6.86412229
8.84431673
6.33722917
6.33500424
7.91838204
5.80785968
8.07163244
5.78421474
6.54848642
6.61682267
6.85869593
6.7391242
7.01729622
7.10072013
6.93861788
7.52239865
7.04188887
6.73054976
8.16746311
6.91068361
5.70112939
9.51011608
6.94114394
7.54558325
6.96787031
6.40649066
5.39356691
6.03786164
8.72146677
6.11321202
6.13422665
6.71775451
5.89024066
7.08789377
5.47826188
6.92832444
8.39602811
6.71603106
8.19335811
7.10691353
7.89582092
6.2463763
7.01940884
6.89716273
7.24450454
7.18801037
5.88009916
6.72879997
7.8348044
5.85016018
6.9215135
7.45391725
7.9223487
7.57999102
8.39445417
5.59149306
5.94987322
6.47959538
6.88613429
7.73731786
5.87479474
5.57072742
6.21371976
5.75579191
6.54284091
8.49548761
6.13652266
6.77851747
4.99243435
7.87574957
8.25053028
5.22056743
6.87692459
7.17241336
6.53643628
7.86096255
6.81614917
6.8969385
6.50643072
6.21643625
7.25131071
7.92649669
6.97677365
5.76217506
8.4793331
6.53978262
5.87807171
7.02536092
6.54421622
7.50782062
8.85543833
6.21452333
5.73658302
7.33560354
7.10201438
6.95245876
5.50777955
8.59662056
6.94127714
6.93976561
6.46363884
7.18128021
7.87371952
8.16203491
6.8522436
6.25311059
6.9733108
7.54101087
7.56132595
6.27465585
7.53405604
7.70277953
7.76939798
8.09777769
7.61334843
6.75530853
6.96082366
6.66278002
5.68396539
7.13127527
7.04178327
8.30694188
7.50992827
8.55165862
6.18273228
6.51050477
6.66120891
7.42096811
5.32994376
6.567845
7.60128186
7.60302832
6.08565922
7.37214328
8.2248473
6.35459975
8.12086345
8.0415413
6.40228137
8.66884798
7.8002935
6.51493532
6.39211721
5.23421462
6.60140523
7.86157643
7.71216556
7.4198331
7.33978242
7.24436346
6.70258127
6.94346235
8.11250123
6.52815867
6.46856954
6.25552943
7.02296694
6.38635347
7.44378032
5.62484916
7.03921691
7.81309439
6.49172134
7.04500976
5.57021895
6.19940609
6.71326097
6.32693476
7.81670804
6.72086675
7.04133896
6.44247997
5.87372409
6.51848529
6.21514579
7.37858072
6.60607931
6.07098088
6.84982948
6.541131
5.91846342
7.50097313
6.64607913
8.44331922
7.07548229
5.9067427
9.35757611
6.34685344
6.50819524
6.45981986
7.56189585
7.08391982
7.53993694
6.9938683
6.62499842
7.51010611
6.0127165
5.43034815
7.65094042
8.57200882
6.61858048
7.84645365
9.09280585
6.86728768
7.46807358
6.81618853
7.34014075
6.87259019
7.4904631
7.78438881
5.93164765
7.70925622
7.26282605
7.68532123
5.52886973
8.01400397
7.01962076
5.95733842
8.39130907
7.02353005
6.89054956
6.95457644
9.12466568
7.68926427
7.5158308
8.63425531
6.38078736
8.03297318
7.31485542
6.45663416
7.44088322
7.32093144
6.77726599
5.72498874
5.98044409
6.50416655
6.53340632
7.21387905
8.24281135
7.96684235
6.46467852
6.69201319
7.9008018
6.28052096
6.64096431
5.82108296
6.86554803
8.10767933
5.96323745
6.11890659
8.47269646
7.35381761
7.89273579
7.30833254
7.74495963
6.81699538
5.61876229
6.90159187
6.40981577
7.63410553
7.136214
5.71596324
6.62780351
6.07805943
6.14441353
6.76915869
7.01711062
5.27371435
6.64209892
8.50692754
5.44653537
9.07285712
8.15730776
7.03152006
8.47543094
7.88835681
5.98005591
6.37177253
6.20014621
7.96287543
8.84780549
8.16671068
7.2737101
8.6739063
6.6214498
7.34807568
6.54274524
6.47363033
5.6191358
7.39348085
7.28586479
6.93544392
5.68798729
6.13117195
7.68665203
6.70677875
9.17319452
6.69538622
6.95638601
7.34169137
6.98435994
7.1021356
6.85099701
7.3137228
7.17833413
6.98007394
7.21438113
8.08360786
6.77440324
7.90812989
7.09609205
7.09840627
7.3941111
8.58839763
6.54263175
7.09110657
7.09123771
6.56224315
8.54356231
7.94153552
8.18654343
7.60753141
6.27142422
7.87926607
5.97709049
6.3964801
6.83791705
6.47475788
5.13184334
6.85122253
6.42494629
7.51509155
6.58375074
7.22815956
6.29178759
6.5646354
6.08112323
7.59540001
6.41006947
6.65243208
7.43247092
6.15001173
7.25356166
6.77589369
5.94053152
7.56772826
8.34815146
7.31593986
7.57401584
6.48503328
8.82448601
6.5358476
6.01922807
6.32687495
6.21026354
8.64426171
7.47457333
7.2675438
7.47162064
6.78761528
6.41299172
8.23360501
7.11099818
7.78545482
5.96601439
7.83257215
6.95264231
6.73142467
8.00980267
8.14048558
7.41809643
5.62000438
8.21123571
6.77427234
7.92651877
7.79082862
5.29454218
8.17096756
5.63707612
7.89410907
6.45176413
7.45487228
5.92908898
7.12982581
8.31938532
6.80413763
7.25424295
6.8310293
8.67073668
7.39705538
8.62780625
8.13934732
6.44651688
6.51656688
7.73268216
6.22279223
5.6363689
7.5987671
7.26615249
6.90491386
6.8002409
7.75179571
5.97358854
6.42893591
6.25131219
7.99126631
5.88486702
7.67029024
8.51056132
7.2584248
8.42755967
6.22817065
5.94472189
7.62629366
6.22731398
7.10702466
7.81200141
6.01277203
6.75025542
6.90940534
6.70011947
7.34033212
6.03209725
6.82425741
6.79045315
9.17103158
7.57859787
8.31448624
6.55322036
6.52286083
6.9832205
7.55236344
8.57137932
6.70196379
6.81053601
6.81037017
8.99687961
7.56427618
7.55360019
6.1157699
7.31897448
6.05995307
6.63294216
6.87632881
6.40932504
8.67970992
7.86552841
7.14851898
5.86972838
7.10240209
9.47739784
5.89900196
6.33540714
8.11241333
7.12678313
6.63012679
7.93464186
7.92054965
7.43339501
6.73877697
8.66029008
7.05899314
7.26337217
8.43830771
6.40266951
5.8765408
6.30297146
8.70719622
7.04803555
6.92601479
6.31935294
8.02549124
7.49130602
7.83335087
7.29966321
6.77231386
7.76654234
8.11688236
6.75129359
7.86034158
6.24200346
6.32127519
7.51893042
7.75129724
7.78048732
6.18448191
8.7869503
7.532426
6.4258194
7.42505215
6.92356658
7.70827952
7.04789856
7.29592075
6.84725554
6.16796738
6.84572203
7.25995366
8.31259895
7.3877198
6.71467368
5.94914016
6.18335848
6.29137833
6.90869745
7.5503241
7.2845743
8.16939819
7.66274313
7.21022818
7.74263895
8.76673022
7.04908888
5.51508989
7.50258161
8.13243302
7.1908845
6.70394211
5.9822412
7.90667243
6.8437343
7.50947367
5.76549444
6.78855171
7.35020038
6.85122502
7.64672191
4.03340342
6.51786092
7.22170606
7.17652208
7.74633108
7.54436771
7.57825566
7.04262681
7.02772596
7.60955863
6.87751518
6.85471966
7.62696198
7.51523498
7.52052771
7.26800985
7.19583745
5.60047538
6.91622851
7.52542781
4.88305964
5.69063256
5.12762743
7.1725733
7.08237948
7.401645
8.0431393
8.00212335
5.66903018
6.33846913
7.54974728
6.56083577
8.15939584
7.54900853
6.49930731
7.63138146
8.17793123
8.3114704
6.63671236
7.88622551
7.65704619
6.95995192
6.2173844
6.17005462
5.9689722
7.57702817
6.41541601
5.34206103
6.73368025
6.39783589
7.28756689
6.6458277
5.93417768
7.65790762
8.77055744
8.23482727
7.73509411
7.74350182
4.80473498
5.36959922
7.27115679
6.06632993
8.4464336
8.37255729
6.86752556
7.74567716
9.13484708
6.5763658
7.49959631
9.38614064
6.17946001
6.54134956
7.94304213
6.92549822
6.33466061
7.82429187
5.51153573
6.80233569
7.80065083
7.87391252
7.69434285
5.39823867
6.745038
8.95461889
5.91538059
7.902965
6.41629252
8.03812064
7.14476482
6.18741647
7.94382406
9.14700241
6.35164651
7.54914306
4.62266831
6.51139655
6.98469224
7.72778304
6.10882175
7.73386988
8.65653272
6.03792665
7.73081918
8.38497624
8.14100429
7.66756666
5.32419589
5.35037711
6.91327678
6.96096761
6.96818003
7.23770729
7.56658869
6.34195729
7.06573996
6.80350637
6.54929474
7.46964191
7.48875456
7.4534349
6.97195128
6.36621112
6.66438324
7.97080093
6.95576679
7.30147194
5.47044101
6.12564107
7.14083854
5.93996362
7.76297151
5.68195573
8.71988675
7.015191
8.13972415
7.94112876
6.51754081
6.70080081
7.13285856
7.31208734
6.65256063
6.423997
6.73963806
8.05967379
6.2950757
6.91643046
5.06254737
6.25151922
7.36416958
6.47916035
6.52279003
6.65426187
6.19059796
7.72755303
8.35629885
7.11364276
7.41578091
8.62431076
6.64725866
7.90077319
7.7872249
6.60540149
4.82173264
6.17851988
6.3841391
7.67698209
7.05888099
7.69856482
7.42688498
7.42362587
8.96494249
6.66610998
7.3766543
6.51527423
7.28720602
6.29289856
6.54492246
6.17289983
7.83896035
6.60721029
5.45693846
7.46389943
7.03539317
6.93968827
6.41382433
8.02442354
5.68045523
6.99239093
5.69446186
6.50518471
7.3595209
5.93086735
7.0029685
7.41457296
6.11722375
4.98413849
6.67643499
7.74921686
8.35241618
7.12098551
6.92377979
8.56344996
8.5271675
8.10092606
7.2655795
8.25693026
6.0168664
7.02687741
6.57513371
6.47840911
6.77618631
8.05701337
5.04663574
5.59290256
8.14750133
6.92161114
7.25587632
7.31394215
6.43907184
7.21864535
8.19097388
6.62526213
5.58615357
7.19458349
7.76126782
7.93523755
6.21173342
5.40449677
6.86576733
7.60541874
5.88161789
7.73542671
5.54470458
7.36491164
7.57258592
6.46258025
7.73528868
6.3906667
6.0059652
7.75091468
6.98312005
7.0523553
8.09459493
5.33004621
7.52126692
6.61068084
7.63508613
6.20629033
7.54019761
7.86392697
5.48019577
7.79794617
9.43521041
7.3455191
7.33342963
7.41932645
7.86988045
6.52096094
7.90090317
7.69213918
6.87873727
6.42295008
7.08864001
5.55032408
7.20619069
6.56200392
7.66374983
7.81993387
8.58625133
8.41874342
7.35233686
5.77642129
5.90470027
7.00960115
6.99445284
8.12204969
4.53355184
6.85213253
6.83916925
6.18522752
7.09010952
6.52122552
6.13713692
5.86631473
9.06351263
8.38647697
7.1989909
9.12512372
6.13562335
7.72190086
8.14484127
7.14057445
6.87290305
6.5816383
8.37835411
6.54872917
7.09730003
8.9130172
7.00173296
6.70762235
5.64662191
5.62601714
6.0150842
6.40423344
7.09862592
8.05902951
8.61369071
7.81884617
6.15691348
6.11732456
6.88944599
8.39335527
6.90364665
5.56179606
5.97756616
6.37937021
7.13810168
7.13606335
7.47729987
7.52163042
7.00630431
7.40267623
7.15323674
6.66225959
7.41485533
8.11232027
7.12612783
6.83360856
7.65594486
7.30451185
7.04701603
6.88753269
7.1967156
6.38695884
6.15469729
5.11866361
5.5295291
6.17153088
8.09171329
6.85959636
6.92109418
6.24849336
6.56035507
5.76219757
5.57958211
6.61360997
7.35995725
8.09398335
6.34484776
6.11649927
6.5160041
7.77641186
5.85968221
8.00434237
6.87141972
8.2646755
6.88877516
7.79799276
7.62481802
7.07265886
6.40264612
5.6828944
7.4148266
7.33184974
4.56645222
6.29843671
5.90624987
6.30766852
6.45718495
7.30640031
6.81301966
6.63509625
4.32416905
8.05944665
6.93366269
5.97832033
6.53752228
8.62205374
7.28273525
7.59294305
6.71516886
5.08805248
7.54547265
7.37855497
5.93567836
6.11066239
8.0982296
5.89217287
6.3604531
6.68316021
7.70463344
7.97230509
7.62128861
7.23177971
6.08867186
7.73288707
5.9439158
6.74002058
7.58876625
5.67302693
6.51566618
7.87605722
8.36413521
7.74062054
7.55777361
7.27073993
7.05413757
7.25024249
7.79229788
7.06237462
5.65900802
6.59509547
7.39891416
6.99271637
7.09363588
6.4351567
7.49226096
6.40960183
7.77609993
7.62659155
6.32098329
7.96143594
7.14194903
7.86873104
5.80259408
7.88287853
3.67154416
6.84925473
9.90883221
6.19219124
6.91274136
7.57483253
7.30873434
7.23946328
6.38654362
7.49060225
7.30614501
5.89004515
6.96920073
7.55659151
6.31068276
6.77502973
7.29840545
5.6025319
6.60237681
6.00926883
7.78564647
6.82994706
5.75101292
6.77865618
5.58694149
6.70003262
6.44431498
5.80119761
7.93538822
7.40481037
9.03740982
6.99983496
7.44716382
8.00457772
7.72653229
7.39966493
6.08081227
8.03322446
6.34569017
7.18313637
5.98635915
5.23211672
6.89992731
6.08524562
7.8114023
7.73450081
6.51437769
7.56459215
5.75419819
7.32647072
6.58487305
6.44483242
7.54182083
7.06505585
7.15449401
8.45599788
6.6705698
6.65293433
7.46795846
6.23004764
7.44893917
8.40017729
6.40100212
7.19237426
7.93265001
6.87838929
7.78052654
5.06333267
7.10780308
6.2198484
6.02072936
8.24160961
6.94583556
5.28581787
5.10117268
7.11059594
7.80234889
6.13342245
6.23861599
7.23626187
6.58063189
6.46817795
6.39030586
5.84993972
8.09600178
7.0813001
7.39472399
7.68442058
7.22598932
7.99457261
6.56224225
7.53336014
6.93712042
8.79473757
7.25539836
8.62254579
6.85514276
7.63004343
7.36991664
5.85021879
8.05688909
6.2480738
7.62186315
6.48308219
5.83517523
7.72545708
7.65054962
6.87978594
7.78406098
7.42855574
7.37507465
7.52773635
5.83541515
6.05585438
6.94187465
6.63668299
6.13185634
6.9243848
5.58227673
7.09484068
6.78113905
7.29530698
7.89853806
8.20269326
6.62940022
5.49278622
6.54739978
7.53470558
5.81067797
8.83751116
6.2997691
7.05830501
6.11723473
6.99281539
7.69835677
6.88437717
8.51364965
6.15098681
8.37297783
8.25052751
6.64885835
8.46358972
5.67157746
7.37440687
6.43351532
6.55149409
5.19658348
7.75571188
7.02214325
5.56907561
6.92717994
6.37826655
7.82555284
6.16308096
7.67818553
6.3263238
7.25228045
7.40575463
6.05514817
6.01816536
7.94269946
6.15159462
7.2907627
5.6572708
6.14491112
8.34371125
7.74291853
6.05159069
7.78821334
8.08992971
6.8237274
7.89489821
5.79185107
6.19404448
7.56942441
7.38807904
7.21447928
6.94635215
7.04022387
7.09781722
6.15299264
6.27737367
6.38552534
6.53723557
7.0228241
7.18731244
7.60460097
7.20175402
6.57333845
6.6642342
5.84071097
6.91990359
8.19655073
7.7164899
6.78076037
6.79151859
7.69747805
6.88051353
7.73046004
7.05582811
7.48800044
7.24475661
5.99367329
5.9911976
7.68804218
6.25303025
7.57401514
7.08697557
5.59628511
5.23665127
7.32955076
6.45387133
7.40233607
7.68824928
5.9963831
7.62730644
7.69817143
6.73240838
6.14581924
5.31826432
5.87617149
7.86525746
5.4940515
6.58011223
7.52274746
8.89649211
5.85190611
7.91483083
7.81545767
6.3768814
6.62340932
6.84427109
6.6335787
7.14715529
6.76101181
7.2738607
5.41103441
6.36328661
7.42836244
7.41565561
7.69394364
6.47391432
4.77359445
7.77295347
7.97966406
6.56148373
6.37295674
5.54270187
7.2071627
6.98180273
7.13194248
6.0948011
7.40306826
8.50019053
6.86259859
8.37168276
7.71588202
6.62934663
5.16026018
8.20924212
5.73719929
7.07556715
7.53245837
7.35166013
7.32671703
7.0065892
7.99063251
6.72128553
6.5427607
7.00358571
6.47113283
7.4848865
6.74576761
7.23136657
8.06278761
7.30050132
4.8408095
7.63393883
8.00775831
8.70676278
6.6289929
6.87721399
7.02748507
6.70532336
5.99165738
6.01661886
8.47008169
7.04992077
6.0678323
6.16476153
7.46028202
7.1326258
7.57688052
6.71514401
7.29268473
7.99842241
6.84449862
7.13535794
6.7412311
6.06761597
7.06489119
8.67319274
7.09699407
7.7560602
6.24183006
6.92973848
8.64753844
8.09894356
7.36152589
7.0152622
7.26076621
6.62694463
5.55127704
8.34634831
6.68714463
7.52997851
8.16573059
8.2607917
8.91158655
7.06116049
6.67780591
7.02805908
6.5181606
7.85878852
7.91709841
4.5184094
4.98623345
8.72277215
6.79030255
7.99736868
6.76097638
7.71505394
8.49515851
9.44051863
8.93350709
5.42510851
6.87243903
6.99492518
7.16970735
7.20683462
6.06115113
5.55757101
9.18488168
5.15385168
7.61885709
7.88717148
7.53190843
7.63537238
7.96656411
8.06741453
6.35748214
7.08008937
6.59173479
8.70183026
6.87558807
7.72362814
9.00517756
6.97669071
6.13527542
6.88755293
6.74944078
5.45447485
7.21850996
8.13073355
6.87619738
7.31159144
6.46801816
7.49186687
6.53552102
5.47222133
7.25141167
5.60103287
4.54683324
8.31261389
7.40098901
5.45090084
6.69578655
6.24361389
8.25623804
7.96759086
7.94370514
6.65258773
7.341261
8.30824856
7.99645073
6.84839249
6.10817195
6.31087887
6.45495641
5.91616316
8.13755934
7.89634137
7.20305722
7.46214595
7.38562879
6.3558759
6.56645535
7.15509758
8.51083769
5.83079153
7.22570945
7.09648235
6.10953147
5.60782669
7.08647271
7.68920539
6.28593948
7.78257046
7.824429
4.56640862
7.90229981
6.25443607
7.09957093
5.49711945
7.22897716
7.44207005
6.22905606
6.93916208
6.08738652
8.20477318
5.67363636
6.63269624
6.79194465
6.43100658
7.95602276
5.99817492
7.18925929
5.27646138
7.99960813
5.98544133
5.20972804
7.40286694
8.0838608
7.47387269
8.64001935
6.44992252
7.00911142
7.73374587
7.05875793
8.05841272
6.38293679
8.32578075
7.62851441
8.47408357
7.38054874
7.14179814
7.08459348
7.04302006
7.68412949
8.5294499
6.87493084
7.11599034
6.04081413
6.98817524
6.34203407
7.94353521
6.92957501
7.01451261
6.58250709
7.76487201
7.7760438
7.13569112
5.87303134
7.80867943
5.8892969
6.69875215
8.30651434
7.15212527
7.07694946
5.8330741
5.00618444
5.76833086
6.3653572
7.51006894
6.22810636
8.20891109
7.68546823
7.79327873
6.09159457
6.98311536
6.04729029
7.79684768
6.71597643
6.84764176
6.21753042
9.71281261
6.6525759
7.19069206
7.15386602
8.14903794
7.53908576
7.39338816
7.5674309
5.87535943
6.76280324
8.41122191
6.09463315
7.87250606
9.48680833
6.57751433
6.45658071
6.47337413
7.2712317
5.94631207
7.58466781
7.45090031
6.11426079
8.12447133
5.31051308
6.58780077
6.55980081
8.63598408
6.19407263
6.3581102
6.6644245
7.82671096
6.41167739
7.19449844
7.28482734
7.10417667
7.11216868
7.18161501
7.49034679
7.29161811
7.49187134
6.7397169
6.86214917
6.84812492
6.9288506
6.6367441
6.66073688
6.38809033
7.73531567
8.46570201
8.38266851
6.82668066
9.96131017
5.27606637
5.9905426
8.87477718
6.39290074
6.59953987
6.55548162
7.53028318
5.31099111
7.7258304
6.05880094
6.79182878
6.62086291
7.09914273
7.5130438
6.36643303
6.27936159
8.49451945
9.20820327
7.60696219
6.4058048
6.87150146
6.34435367
6.18010564
6.14091457
6.33014764
6.51081126
7.30768337
6.37824229
6.49317063
6.01401106
6.85671358
5.88638203
6.64989058
7.16657951
7.6272523
6.90102784
7.20158004
6.98002606
7.92930658
6.12274951
7.82380076
7.26142406
6.84281936
6.71995851
7.96661202
7.42476137
7.44930989
7.69246949
5.87694447
7.4542257
7.07288581
7.48421934
4.89629454
7.51448049
7.46282191
7.7476756
7.66968598
7.63300081
6.81520177
6.05263083
6.59716456
5.86946617
8.06933793
5.7665138
7.27798375
6.08682285
6.30325057
7.11305483
7.22629407
7.91048669
6.70775343
7.50546148
6.563032
7.29308411
6.91096461
5.60215968
7.13625968
7.349283
7.1635409
7.88561396
7.7906747
7.49655751
7.36736757
7.49549101
8.35475067
6.36073369
8.12560892
7.65002081
7.03584974
6.14865449
6.09006067
7.370198
5.54599971
5.95996898
6.26419121
8.11918486
6.76508625
7.12545564
6.85491162
5.69960288
4.72603318
7.19682217
6.86700317
6.75868612
7.97333
8.8746708
8.73088085
8.29933688
6.49962947
7.01997752
8.51697706
8.25758778
7.45743002
6.10632352
6.5419811
7.79474326
6.19901299
7.18133963
8.52919611
5.80118603
8.33440194
7.67693077
7.82442752
6.75765837
8.03936212
6.52677705
7.80302863
6.96188591
6.50140942
6.84529754
5.57572709
7.56995721
7.92434582
6.47376369
7.18352193
5.94306247
6.87358015
6.56533893
5.97839222
7.07948363
6.91123054
5.93826301
8.60088931
5.84969682
6.52233428
7.51110271
5.85682192
7.58499432
8.43758237
8.64278766
6.57815208
7.34278525
6.57050946
6.2270747
7.84803872
6.90942759
8.01942931
7.16273415
6.45917693
6.59431765
7.22104588
6.41248375
5.37436952
8.8042277
7.25166648
6.89143209
8.03481248
7.52123228
7.85246875
5.99418206
7.05884987
8.23174105
6.53715871
7.121848
7.13025573
6.99914571
7.06792326
7.63430547
7.0838128
7.83582984
7.02293814
6.79926369
6.4829128
5.9914009
7.82108761
8.62976921
7.00496047
6.77096892
6.68242685
7.55895118
7.41174226
7.44978386
6.41998373
8.20052051
7.51492562
8.73048953
6.81107341
5.3835124
6.39777156
5.46260707
8.39083011
5.13360873
6.64736452
8.34861111
5.66371856
8.09075404
5.27957201
7.91372113
8.19018023
9.11885375
5.04527818
7.60235022
7.85866726
6.56268095
6.60954564
6.1668444
6.15768446
5.91273933
8.54454053
6.45391862
6.73514434
6.4380771
7.1839631
7.32233423
7.88208228
7.64175899
6.79602188
6.07365395
6.21140609
8.12348807
8.48022576
5.70309083
5.61218013
6.96597324
7.44770977
5.53194242
7.23402692
9.08107248
5.6254842
7.28750744
6.83320635
6.49338138
6.22224858
8.04159865
7.45591573
7.44551589
7.9614557
6.71976504
7.25502842
8.30641721
7.79371963
8.15374073
7.04292422
7.18201217
5.20096859
7.97941199
6.01060992
7.87478302
6.07457803
7.33234349
6.47160654
7.25415636
6.95048701
7.43938767
7.16875258
8.40122497
5.84093659
7.01851271
7.14217651
6.94960659
6.15865139
7.51941202
8.34686798
7.04798167
6.27259928
7.47711141
7.67149665
7.90559095
6.13275939
6.28786201
6.85549088
6.98568914
6.7168442
6.55502482
7.59942505
8.09600757
8.0212633
8.55573727
7.25928238
5.75112458
7.94440841
7.63544975
6.93733688
6.48038668
6.71316806
8.25783437
6.22224865
7.77891069
6.26157336
8.28565279
7.47801271
8.13792247
8.11537865
6.83139759
8.02856639
6.52219316
7.00755393
6.90162832
6.164663
6.19719233
6.71992689
5.42123452
7.1841377
5.96867351
7.96412674
8.10826731
8.16831366
4.8960667
6.60743373
4.79859272
7.256039
7.57937295
6.74270968
6.17152286
7.10792021
5.33973675
8.02782271
8.19746248
6.78084144
8.84020546
8.34551634
6.49974723
6.39683693
6.50185015
7.68215708
7.39570164
6.95734357
5.18463468
7.21580632
5.98690638
6.2813207
7.90705397
5.71214322
6.56409599
7.29722449
6.75746179
6.54250233
6.81790868
6.46547933
7.26590388
7.18570682
7.14350861
6.14821775
8.0941711
8.54364677
7.21000348
6.80423928
7.6989777
7.27177428
6.91652328
7.67937702
7.01558192
7.70318885
4.8054743
6.39200861
7.38710089
6.9489575
8.13377123
6.04291565
7.68602417
6.575026
7.20169895
7.14152468
7.98998755
5.00586925
8.34945556
5.34618376
7.61088844
6.61684207
6.84403225
7.87740013
8.42554884
8.05928464
6.91677644
7.8255608
6.39117698
6.55051497
7.5216499
6.65803936
8.18124541
8.54974511
7.3569721
7.00946623
7.50167016
6.47524372
5.82889495
6.6379596
7.33478385
5.85040822
6.87512094
7.71869385
6.09096648
6.28170591
7.12797697
6.86716594
6.33786827
6.64466405
8.74809387
6.26777981
4.78360036
6.4695996
6.22324332
5.23181499
6.4061417
6.26532443
7.07924522
6.49547349
6.05074543
6.98747997
8.67526759
8.10738189
5.78382365
5.6906162
7.37543239
7.01254607
7.81913213
8.26854321
8.59726569
5.90254871
5.69093103
6.97118478
6.6326824
8.04790564
6.65893301
7.5106186
5.46819027
6.91216533
7.20371696
5.37878586
6.82441227
6.42445412
5.02607742
6.11512932
7.68280365
8.18144047
6.37188943
7.7191476
6.68275155
4.87855897
7.24011394
6.65088585
7.58286807
6.26235896
6.741153
7.02299532
9.23069144
6.68255814
7.41403332
6.93460868
7.51335503
7.02847384
5.86085527
4.93784753
8.12548904
6.92813906
7.5290035
8.17567475
7.07855544
7.47799643
7.1307658
6.60968275
7.65795365
6.7868241
7.66202886
8.61243066
5.48312009
7.60712838
8.67235712
6.70384888
6.50757685
9.76888771
5.97095178
7.22637028
8.76964297
5.61343168
4.99436855
7.03695208
8.46091694
8.53318432
7.04335763
6.62211631
6.96997048
5.0020057
7.26244241
6.82409764
6.44110915
6.94367313
7.21004183
7.9390542
7.10394954
7.89082825
5.12584516
6.95921012
8.28452894
6.61876207
6.55020783
6.7680431
7.44818479
7.98767408
8.31076941
6.91371988
7.67421029
7.18391158
5.68543787
6.95752495
6.37126468
7.5622235
6.64150695
8.13223306
6.6040046
8.23527298
8.07477673
6.34733419
8.14912282
7.72263605
7.17777992
9.5650359
8.23359822
6.26098773
5.87809303
7.28839356
6.38175532
6.42653649
7.98669171
6.8017425
7.20485514
6.42636302
7.20663959
5.93464051
7.32944217
5.15135303
7.17624864
6.7865082
6.63517232
7.00607927
7.47437231
8.21133816
6.11030334
6.73458154
4.96109945
6.19522559
7.3904242
6.75752559
7.54240747
8.07313069
6.37292498
6.51864946
5.36131938
6.68628696
6.70735991
7.46706977
8.2014161
7.65493356
7.49961967
7.87089462
6.59978636
5.93311452
5.51775943
8.00168328
6.56329997
7.15477864
6.34561857
6.03000038
7.32838081
7.12208412
6.99021722
6.84000603
6.64565787
7.83734957
7.68461889
6.68994682
7.38430229
5.33644232
6.55997183
7.85803283
6.35169428
5.38914387
7.70789214
7.13208167
7.3094835
6.28257209
6.99601079
6.47465874
6.41480321
7.19075366
6.87638843
6.38385692
6.50766297
6.92581893
7.16470092
7.62310943
6.92759069
7.23700969
7.79694803
7.27962021
8.78719453
7.1559265
6.95551287
7.10985609
6.99369485
5.58480163
5.54124491
6.50468607
6.9529493
6.54005543
6.77841898
7.46320477
6.99036935
8.69408634
7.84740904
6.90884617
5.96182451
6.24561162
7.34196163
6.92337248
6.43608703
6.07934742
7.32069949
7.41544226
5.47480593
8.41559678
6.07317248
6.94797288
5.15668193
5.16650692
6.03744368
7.2138194
6.17057048
8.56395246
6.036604
6.66434302
7.14691384
7.04303943
7.48706782
4.95727673
6.3976145
6.78298645
7.38036693
6.76996498
7.19900507
5.34823213
7.80156437
6.75393226
6.95393148
6.24702504
6.91556035
7.17889495
7.67539099
6.85348645
7.57923991
8.10887728
6.40511116
7.07474172
6.56250953
7.80221928
7.30874379
7.24546442
6.13318338
7.34204842
6.26415481
5.45526685
5.89087527
5.73547443
6.40250161
7.85639072
7.87029504
8.20278384
7.41147276
6.44864113
7.03088939
8.54617283
5.5546517
6.78252531
6.6004056
6.56943579
7.32622028
6.07328607
7.34291729
7.88354977
7.60045547
7.18810341
7.89740344
7.48673828
7.45244399
8.05044545
7.0905675
5.81073565
5.96701045
7.84047885
6.85982303
7.09829705
7.43331364
5.83836487
6.58991768
6.01425845
5.67657983
7.66476055
6.90022891
6.51582768
7.46752536
6.24400681
7.39640227
6.3538739
8.97672917
7.10000853
6.83816504
7.46672596
6.31586616
6.3730925
7.18010545
6.90672204
6.7560181
8.0278352
6.86230381
7.91396279
7.98117471
7.91181912
6.37858718
7.60995355
7.61416821
6.98706711
7.42970968
4.97075461
8.2195247
5.78913865
7.44929853
7.22683311
6.18577404
7.40076662
5.21309563
7.91269292
7.99475553
7.08811159
8.8639901
7.25203892
6.68873216
7.1020785
8.24556727
5.78718446
7.24472289
7.41312758
5.75192775
7.93402171
7.75492697
7.75723726
7.47578723
6.34742807
6.2675736
6.36397029
7.51778547
6.60176332
7.23743323
6.81803241
6.49301101
6.77757024
6.65564984
7.08773337
9.50946249
5.31077106
5.97001677
8.34671287
6.87043837
7.97549106
5.8337161
7.41213078
7.0945419
7.13721941
5.94114545
8.0246168
6.91743623
4.91683067
6.5101837
5.52712992
8.66584498
7.83892155
7.95447781
7.12715888
7.40880433
7.80835053
5.4484665
6.50370947
6.86762075
7.50017495
7.44490104
6.63599372
6.8324507
7.76639628
7.88763767
7.30032807
8.43773875
6.35608678
6.85473082
6.8237528
7.3504213
8.16425158
5.39040047
