Company	Net Sales ($MM)	Employees (000)	Sales per Employee	Liabilities ($MM)	Assets ($MM)	Receivables ($MM)	Inventories ($MM)	Cash ($MM)	Cash+Short Term Invest	Gross Property	Net Property	Long-term Debt	Operating Income	Depreciation	Interest Exp	Income Taxes	Net Income
ACXIOM CORP	1010.822	5.7	177.337193	628.568	1215.784	230.212	0	14.355	14.355	521.064	267.088	239.327	244.38	150.241	19.267	8.949	58.344
AFFILIATED COMP SVCS  -CL A	3787.206	40	94.68015	1269.517	3698.705	835.478	6.245	51.17	51.17	873.36	478.212	498.34	671.409	152.128	25.194	184.105	306.842
ALLIANCE DATA SYSTEMS CORP	1049.144	7.6	138.0452632	1166.111	1868.442	404.647	0	67.745	67.745	317.087	133.746	189.361	207.95	74.561	17.281	41.684	67.298
AUTOMATIC DATA PROCESSING	7147.017	41	174.3174878	14462.198	19833.671	1005.833	0	1410.218	2005.384	1861.177	614.701	84.674	1792.753	274.682	21.838	627.05	1018.15
COMPUMED INC	1.811	0.014	129.3571429	0.271	0.78	0.219	0.025	0.066	0.247	1.353	0.207	0	-0.205	0.217	0.001	0	-0.375
CSG SYSTEMS INTL INC	559.261	2.471	226.329826	433.99	724.775	183.809	0	105.397	105.397	127.747	38.218	183.788	109.268	17.378	14.717	-22.183	-26.277
CYBERSOURCE CORP	27.503	0.154	178.5909091	10.612	54.807	4.828	0	15.25	44.361	26.504	2.195	0	-1.822	3.603	0	0	-5.442
DIRECT RESPONSE FINL SVCS	0.002	0.002	1	1.054	0.369	0	0.058	0	0	0.002	0.002	0.521	-1.296	0	0.021	0	-1.377
DST SYSTEMS INC	2416.3	11.4	211.9561404	2514.9	3198.6	399.4	16.8	102.4	165.8	1482.8	647.2	1437.8	475.4	149.8	26.9	109.3	320.8
EFUNDS CORP	532.054	5.4	98.52851852	110.675	512.337	63.841	0	158.106	162.746	146.678	49.629	1.667	54.037	14.768	-99	10.959	28.908
ENUCLEUS INC	0.578	0.011	52.54545455	0.812	1.752	0.017	0	0	0	0.028	0.02	0.345	-0.403	0.151	-99	0	-1.461
FIDELITY NATL INFO SVC-REDH	1945.076	-99	-99	466.74	2371.108	301.476	0	100.466	100.466	209.656	153.575	10.492	511.957	144.223	2.831	140.449	207.015
FIRST DATA CORP	8400.2	29	289.662069	21538.3	25585.6	2336.4	91	839.8	5357.7	2248.1	692.3	2915.9	2191.4	214	107.1	463.9	1408.7
FISERV INC	3017.87	21.7	139.0723502	5014.367	7214.175	2357.935	0	-99	202.768	587.842	206.076	264.826	687.959	171.791	22.895	201.401	315.012
HMS HOLDINGS CORP	74.361	0.493	150.8336714	12.516	63.123	17.331	0	26.615	26.715	19.112	3.123	0	4.832	2.6	-99	0	2.348
HYPERDYNAMICS CORP	0.468	0.005	93.6	1.725	1.48	0.007	0.006	0.177	0.262	0.244	0.089	0.052	-3.165	0.177	0.055	0	-4.19
INFOCROSSING INC	55.228	0.257	214.8949416	35.861	66.662	3.818	0	10.073	10.073	37.551	18.249	25.732	9.332	5.436	2.601	0.042	1.356
INFOUSA INC	311.345	2.4	129.7270833	220.125	366.346	54.812	0	2.686	6.371	122.32	40.984	122.485	79.984	27.849	11.547	12.072	19.695
INNODATA ISOGEN INC	36.714	7.58	4.84353562	7.742	25.146	9.572	0	5.051	6.051	17.77	5.628	0.272	5.315	4.528	0.009	0.333	0.475
INNOTRAC CORP	74.74	0.8	93.425	21.2	70.962	15.682	10.896	2.228	2.228	32.897	14.75	0.056	3.139	5.622	0.741	8.772	-11.981
INTRADO INC	124.654	0.716	174.0977654	60.825	145.267	17.238	0.013	37.981	37.981	65.028	26.22	13.564	28.576	11.55	-99	5.194	10.714
LIGHTBRIDGE INC	119.978	0.668	179.6077844	23.333	177.836	20.071	0	69.685	133.488	45.312	9.408	0	11.619	10.398	0	-1.102	-1.449
LINKTONE LTD-REDH	15.486	0.262	59.10687023	1.92	9.71	3.265	0	5.613	5.613	0.707	0.45	0	3.675	0.091	0	0	3.616
ONLINE PROCESSING INC	0.093	-99	-99	0.268	0	0	0	0	0	0	0	0	-0.243	0	0	0	-0.243
WORLDSPAN TECHNOL INC-REDH	896.934	2.53	354.5193676	789.608	1119.445	103.122	0	43.846	43.846	144.176	120.51	526.492	129.154	66.901	28.237	1.133	9.424
24/7 REAL MEDIA INC	49.181	0.255	192.8666667	36.143	46.18	12.256	0	21.645	21.645	13.45	2.862	13.334	1.013	8.076	0.343	0	-12.016
4NET SOFTWARE INC	0.008	0.001	8	0.021	0.077	0.001	0	0.072	0.072	0	0	0	-0.107	0	0	0	-0.056
A CONSULTING TEAM INC	21.646	0.086	251.6976744	2.181	7.374	3.557	0	1.41	1.41	7.588	0.68	0	0.711	0.753	0.066	0.023	-0.123
ACCESS INTEGRATED TECH	7.201	-99	-99	11.357	21.175	0.517	0	2.33	2.33	-99	5.865	5.624	0.187	2.692	2.365	-0.212	-4.805
ADB SYSTEMS INTL LTD	4.529	-99	-99	1.691	2.485	1.072	0	0.334	0.344	2.459	0.206	0.558	-2.246	1.471	0.224	0	-2.178
ADSTAR INC	2.834	0.036	78.72222222	2.58	8.554	0.348	0	2.092	2.092	0.586	0.142	0.062	-1.007	0.808	-99	0.014	-2.842
AKAMAI TECHNOLOGIES INC	161.259	0.535	301.4186916	454.295	278.941	20.727	0	160.074	169.984	212.723	23.878	386	30.073	49.749	18.324	0.629	-29.281
ALPHATRADE.COM	0.94	0.002	470	1.298	0.065	0.007	0	0.007	0.007	0.213	0.034	0	-8.391	0.047	0	0	-8.314
ALTERNATIVE TECHNOLOGY RES	2.993	0.027	110.8518519	8.997	0.793	0.02	0	0.27	0.27	0.865	0.318	0.897	-5.762	0.249	1.665	0	-7.665
AMERICA ONLNE LTN AMR  -CL A	65.174	0.957	68.10240334	188.698	55.739	2.51	0	32.633	32.901	16.895	4.771	160	-79.967	3.694	17.99	0.004	-100.739
AMERICAN MANAGEMENT SYSTEMS	961.62	6.5	147.9415385	201.5	611.534	256.84	0	62.338	62.338	72.188	22.023	0	42.386	6.852	1.338	-16.185	-26.296
AMERICAN VANTAGE COMPANIES	0.576	0.015	38.4	1.425	18.133	0.767	0	8.454	8.454	-99	3.544	0.523	-1.842	0.039	-99	-0.319	-0.774
ANACOMP INC	204.023	1.3	156.9407692	63.798	164.941	31.998	3.174	18.39	18.39	42.641	18.398	5.917	19.195	14.414	1.789	1.76	7.306
ANALEX CORP	66.126	0.552	119.7934783	13.903	43.632	10.719	0	14.178	14.178	1.273	0.553	5.432	4.156	0.569	0.52	0.321	2.746
ANSWERTHINK INC	132.387	0.62	213.5274194	29.988	135.223	25.076	0	54.441	54.441	25.136	8.714	0	3.797	4.1	0	0.35	-4.822
APPLERA CORP CELERA GENOMICS	88.264	0.54	163.4518519	119.84	1122.066	16.708	2.526	52.617	802.402	-99	104.742	17.101	-47.257	35.504	-99	-52.38	-81.929
APTIMUS INC	4.571	0.025	182.84	1.263	3.975	0.919	0	2.368	2.368	3.227	0.408	0.267	-1.126	0.315	0.041	0	-1.511
ARI NETWORK SERVICES	12.617	0.08	157.7125	12.48	5.65	1.088	0	2.12	2.12	5.92	0.446	3.785	-0.129	0.212	1.067	0	-1.348
ASK JEEVES INC	107.292	0.306	350.627451	139.047	212.255	12.062	0	36.673	180.648	36.632	10.933	115	29.325	9.645	0.165	1.891	26.049
AUTOBYTEL INC	88.943	0.328	271.1676829	13.516	96.326	10.587	0	51.643	55.634	8.09	2.138	0	7.535	1.422	-99	0.008	7.42
BARRA INC	151.919	-99	-99	70.875	264.538	14.579	0	37.973	207.432	29.054	6.512	0	-99	-99	0	15.392	27.117
BLACK BOX CORP	520.412	2.8	185.8614286	111.385	616.289	97.203	53.925	9.306	9.306	80.434	29.269	35.177	81.965	6.765	1.808	26.002	47.243
BRIGHTSTAR INFO TECH GRP INC	5.852	0.04	146.3	1.655	2.615	0.577	0	0.125	0.125	0.437	0.048	1.203	0.01	0.027	0.203	0	-0.138
CENTIV INC	6.266	0.023	272.4347826	1.102	2.565	0.247	0.036	0.877	0.877	2.176	1.018	0	-1.505	0.576	-99	0	-2.431
CGI GROUP INC  -CL A	2013.545	20	100.67725	751.608	2219.484	325.413	90.869	61.826	61.826	196.797	107.308	181.373	307.944	87.097	9.312	84.185	131.314
CHINAWE.COM INC	0.051	-99	-99	1.218	0.033	0.002	0	0.017	0.017	0.066	0.007	0.006	-0.183	0.018	-99	0	-0.223
CIBER INC	691.987	5.75	120.3455652	268.691	573.323	144.653	0	132.537	132.537	46.023	15.377	175	43.731	11.268	2.077	11.451	19.984
CMGI INC	436.987	0.581	752.1290878	208.329	455.341	55.209	30.475	196.916	276.067	27.137	8.598	1.673	-25.773	10.801	-99	3.249	-216.308
CNE GROUP INC	2.149	0.027	79.59259259	3.904	10.171	0.208	0.247	0.461	0.461	0.54	0.448	2.093	-1.535	0.159	0.891	0.014	-1.119
CNET NETWORKS INC	246.24	1.7	144.8470588	181.881	351.843	54.387	0	65.913	78.469	95.869	56.384	118.029	13.061	23.652	6.932	0.66	-26.29
COGNIZANT TECH SOLUTIONS	368.231	2.15	171.2702326	86.519	360.589	61.796	0	194.221	194.221	92.606	58.438	0	84.248	11.936	0	14.866	57.365
COMMUNICATE.COM INC	1.231	0.007	175.8571429	0.841	2.199	0.029	0	0.393	0.393	0.075	0.01	0.25	0.259	0.003	0.046	0	0.25
COMPUTER SCIENCES CORP	14767.6	90	164.0844444	6300.3	11804	3616.3	0	609.7	609.7	5029.9	2178.4	2306.4	1770.9	840.7	169.8	227.5	519.4
COMPUTER TASK GROUP INC	252.341	-99	-99	40.316	96.447	42.793	0	2.534	2.534	36.488	7.187	0	6.654	3.392	-99	0.118	2.744
COOLSAVINGS INC	32.392	0.138	234.7246377	13.623	15.061	4.786	0	7.347	7.347	14.201	2.509	0	2.927	1.757	0.474	0	0.655
CORDIA CORP	4.036	0.037	109.0810811	1.674	1.637	0.631	0	0.111	0.111	0.04	0.03	0	-0.712	0.008	0.004	0	0.584
COSTAR GROUP INC	95.105	0.853	111.4947245	15.531	183.9	4.308	0	35.643	97.449	28.956	10.254	0	4.962	4.96	0	0.282	0.1
CRAYFISH CO LTD  -ADR	15.901	0.037	429.7567568	8.933	27.939	1.042	0	17.332	19.127	1.022	0.175	0	5.853	0.376	0	0.011	-2.044
CRITICAL PATH INC	72.297	0.418	172.9593301	89.666	67.725	16.88	0	18.984	18.984	130.679	14.821	49.671	-22.675	16.254	3.336	0.856	-62.133
CYBER MERCHANTS EXCHANGE INC	3.09	0.015	206	0.48	1.219	0.09	0.189	0.066	0.166	0.292	0.007	0	-1.489	0.024	0	0.001	-1.952
DATALOGIC INTERNATIONAL INC	10.703	0.37	28.92702703	2.487	2.036	1.533	0.066	0.254	0.315	0.096	0.068	0	-0.556	0.044	0.244	0.002	-0.912
DIGITAL FUSION INC	6.42	0.053	121.1320755	2.328	4.584	0.737	0	0.419	0.419	0.933	0.029	1.269	-0.04	0.16	0.197	0	-0.395
DIGITAL INSIGHT CORP	154.362	0.741	208.3157895	42.341	348.812	22.333	0	40.226	69.335	76.175	27.586	0	36.447	18.837	-99	-28.428	46.594
DIRECT INSITE CORP	7.439	-99	-99	4.901	2.511	1.102	0	0.075	0.075	6.214	0.771	0.042	-2.398	0.686	0.287	-0.108	-5.182
DSL.NET INC	71.333	0.175	407.6171429	23.742	59.061	8.054	0.477	13.779	13.784	81.472	24.357	5.424	-13.272	16.359	3.086	0	-34.997
DYNABAZAAR INC	6.673	0.001	6673	4.316	16.63	0.351	0	5.697	6.22	7.154	0.109	0	-4.759	1.16	0	0	-4.599
EARTHLINK INC	1401.93	3.335	420.3688156	283.357	827.02	35.585	0	349.74	438.828	532.793	108.81	0.03	140.825	164.244	-99	0	-62.194
EASYLINK SERVICES CP  -CL A	101.347	0.483	209.8281573	44.999	49.411	11.43	0	6.623	6.623	44.835	10.641	10.511	8.856	8.295	1.39	0	50.948
EBAY INC	2165.096	5.7	379.8414035	923.892	5820.134	305.764	0	1381.513	1736.948	871.433	601.785	124.476	818.209	159.003	4.314	206.738	441.771
EDGAR ONLINE INC	14.319	0.085	168.4588235	5.13	19.145	1.43	0	3.86	3.86	6.333	1.477	0	1.254	2.503	0.188	0	-2.167
EDGEWATER TECHNOLOGY INC	25.054	0.191	131.1727749	5.647	86.531	4.962	0	27.881	44.259	4.183	1.309	0	1.434	0.948	0.002	-1.053	0.974
ELCOM INTERNATIONAL INC	3.028	0.035	86.51428571	5.185	2.463	1.027	0	0.515	0.515	22.893	0.783	0.254	-4.289	1.397	0.188	-0.558	-5.451
ELECTRONIC DATA SYSTEMS CORP	21476	132	162.6969697	12566	18280	3329	0	2197	2313	8505	2858	3488	1577	1044	301	-137	-1698
ENDO NETWORKS INC	0.91	0.018	50.55555556	0.638	0.759	0.158	0	0.016	0.016	0.744	0.526	0.192	0.045	0.066	-99	0	-0.021
EPIXTAR CORP	37.121	0.234	158.6367521	7.585	12.983	5.61	0	1.342	1.759	1.584	1.264	2.393	4.809	0.214	0.542	0	4.379
EPRESENCE INC	31.739	0.067	473.7164179	37.387	100.779	3.804	0	76.446	89.992	11.057	1.663	0	-6.585	1.874	0	-0.31	-14.097
EQUANT N V  -ADR	3091.3	9.547	323.7980517	1331.4	2860	954.7	14.5	330.1	480.1	3261.7	1030.8	0.2	290.7	482.4	6.4	17	-356.2
ESPEED INC	154.307	0.335	460.6179104	25.883	297.568	1.518	0	-99	228.5	66.977	34.467	0	71.139	18.044	0	17.14	36.096
EUROWEB INTERNATIONAL CORP	14.761	0.115	128.3565217	4.16	18.476	1.705	0	1.942	13.391	4.886	1.951	0.042	0.098	0.887	0.058	0.062	-1.576
FACTSET RESEARCH SYSTEMS INC	222.295	0.793	280.3215637	43.93	256.159	35.848	0	51.126	169.262	104.768	19.347	0	94.268	17.541	0	27.578	51.438
FINDWHAT.COM	72.221	0.161	448.5776398	10.351	74.658	7.105	0	59.21	59.21	8.111	4.695	0	20.087	1.755	-99	7.106	11.758
FORGENT NETWORKS INC	53.864	0.098	549.6326531	7.995	47.249	9.531	0	21.201	25.046	6.313	2.158	0.329	11.737	1.061	-99	0.126	8.02
GLOBAL SOURCES LTD	91.669	0.464	197.5625	54.561	82.541	8.463	0.703	26.227	61.367	45.657	7.87	0	17.29	8.509	0	0.668	7.334
GLOBIX CORP	60.522	0.209	289.5789474	168.931	222.282	6.012	0	24.503	35.455	181.766	162.63	135.207	-3.898	15.523	15.141	0.167	-25.275
GOOGLE INC-REDH	961.874	1.907	504.3911904	268.817	871.458	154.69	0	148.995	334.718	261.837	188.255	1.988	404.267	50.185	1.931	241.006	105.648
GTECH HOLDINGS CORP	1051.33	4.9	214.5571429	996.842	1559.131	126.607	76.784	129.339	351.189	1430.764	648.938	463.215	405.37	117.515	10.919	107.594	183.2
GURUNET CORP-REDH	0.029	-99	-99	2.087	1.043	0.012	0	0.124	0.124	1.216	0.206	0	-2.494	0.268	0	0.035	-2.809
HARRIS INTERACTIVE INC	130.551	1.734	75.28892734	26.753	145.242	20.821	3.776	20.391	39.084	27.357	7.806	0	12.233	5.583	0.057	-2.954	11.107
HEALTH GRADES INC	8.805	0.056	157.2321429	7.298	8.821	1.688	0	3.559	3.559	2.832	0.237	0	-0.687	0.098	0.015	0	-1.284
HEALTHAXIS INC	20.851	0.237	87.97890295	8.367	27.114	3.201	0	7.887	7.887	11.19	1.238	2.697	-2.235	2.059	0.109	0	-4.264
HEALTHGATE DATA CORP	6.06	0.028	216.4285714	4.555	5.079	0.159	0	3.431	3.431	8.11	0.282	0	-1.146	1.272	0.001	0	-1.39
HEALTHSTREAM INC	18.195	0.143	127.2377622	5.841	28.399	3.21	0	14.22	17.901	7.057	2.003	0.002	-2.428	1.371	0.022	0	-3.412
HOMESTORE INC	218.71	1.57	139.3057325	153.22	153.548	14.576	0	13.942	35.517	48.034	21.454	0.369	-22.422	34.272	0.424	0	-47.124
I-SECTOR CORP	62.152	0.189	328.8465608	12.588	19.207	10.478	2.49	2.172	2.172	3.158	1.271	0.229	-1.868	0.466	0.071	-0.181	-1.836
IDI GLOBAL INC	13.329	0.122	109.2540984	2.395	5.078	0.095	0.006	0.797	1.65	0.666	0.279	0	0.553	0.089	0.191	0.085	0.301
ILINC COMMUNICATIONS INC	5.906	-99	-99	9.094	12.46	1.122	0	0.292	0.292	-99	0.31	4.459	-0.925	0.462	1.233	0	-2.018
IMPROVENET INC	3.224	0.015	214.9333333	1.427	0.821	0.331	0	0.382	0.382	0.44	0.1	0.411	-0.771	0.08	0.07	0	-0.786
INCYTE CORP	47.092	0.454	103.7268722	225.212	379.545	5.733	0	29.698	293.807	91.88	27.337	167.786	-81.793	17.685	9.561	0.477	-166.463
INFODATA SYSTEMS INC	8.408	0.06	140.1333333	1.813	3.96	2.138	0	1.422	1.525	0.687	0.228	0	0.538	0.079	0.001	0	0.471
INFORMATION HOLDINGS INC	81.407	0.498	163.4678715	92.257	374.67	49.549	0	39.693	54.964	14.904	4.281	0	17.462	11.192	0.08	2.603	31.207
INFORTE CORP	37.397	0.189	197.8677249	7.605	74.805	4.683	0	24.071	49.542	2.084	0.714	0	1.952	1.384	-99	0.201	1.747
INFOSPACE INC	160.054	0.466	343.4635193	45.783	492.315	44.281	0	229.045	300.51	63.901	15.416	0	32.986	18.965	0	0.876	-6.319
INSWEB CORP	24.131	0.13	185.6230769	5.603	29.882	1.006	0	15.223	26.091	11.222	1.386	0	-6.1	0.891	0.086	0	1.046
INTERLAND INC	106.638	0.761	140.1287779	54.384	207.042	5.772	0	35.255	51.917	102.567	35.935	1.654	-10.479	56.708	0.327	0.629	-173.88
INTERMOST CORP	0.446	0.049	9.102040816	0.824	1.272	0.232	0.045	0.079	0.079	0.557	0.164	0	-0.949	0.061	0	0	-1.079
INTERNAP NETWORK SVCS CORP	138.58	0.354	391.4689266	64.301	142.451	15.587	0.492	18.885	19.01	187.149	59.337	17.812	8.031	37.244	3.28	0	-33.038
INTERNET AMERICA INC	17.523	0.119	147.2521008	4.351	7.275	0.348	0	1.968	1.968	6.662	0.412	0	3.265	0.669	0.636	0	2.302
INTERNET BUSINESS'S INTL INC	0.659	0.004	164.75	2.279	2.648	0	0	0.001	0.001	3.184	0.941	0.976	-2.015	1.92	-99	0	-4.718
INTERNET CAP GROUP INC	70.02	0.418	167.5119617	250.457	231.163	25.715	0	77.581	79.409	22.5	2.368	0.03	-27.092	13.245	16.564	0	-135.884
INTERNET COMMERCE CP  -CL A	12.083	0.09	134.2555556	2.758	8.598	1.733	0	2.284	2.376	4.391	0.557	0.046	-2.718	1.545	0.039	0	-6.004
INTERNET GOLD-GLDN LINES LTD	41.024	-99	-99	21.908	48.871	11.039	0	18.701	18.701	-99	6.659	6.255	-99	-99	0.739	-0.442	3.266
INTERNET INITIATIVE JP  -ADR	372.235	-99	-99	350.574	410.222	86.333	4.208	117.914	117.914	-99	82.568	163.374	24.558	38.475	-99	-20.474	-1.009
ITIS HOLDINGS INC	0.824	-99	-99	9.563	2.16	0.554	0.035	0.111	0.181	0.446	0.147	4.175	-1.899	0.317	0.954	0	-5.812
IVILLAGE INC	55.221	0.2	276.105	15.581	72.528	7.566	0	15.823	15.823	35.406	7.269	0	-6.898	8.595	-99	0	-27.129
JUNIPER GROUP INC	1.182	0.029	40.75862069	1.887	3.691	0.087	0	0.002	0.002	1.074	0.568	0.18	-2.382	0.175	0.05	0	-2.988
JUPITERMEDIA CORP	46.991	0.279	168.4265233	17.679	56.038	11.293	0	9.567	9.567	10.162	1.488	0	2.737	1.422	0.026	0	1.382
KEYNOTE SYSTEMS INC	38.262	0.158	242.164557	12.088	202.368	4.349	0	23.242	160.214	56.263	33.928	0	-2.196	7.998	-99	0	-4.725
KIRSHNER ENTMT & TECH INC	0.057	0.001	57	0.433	0.082	0.027	0	0.02	0.02	0.081	0.029	0	-1.028	0.056	0.024	0	-1.358
KNOT INC	36.697	0.243	151.0164609	11.407	38.707	2.883	1.195	22.511	22.511	6.241	2.006	0.196	1.868	0.858	-99	0.05	1.062
LASON INC	166.905	2.7	61.81666667	50.038	53.646	25.972	2.182	12.153	12.153	9.697	5.927	27.281	7.006	2.654	2.785	0.326	1.072
LION INC	8.134	0.136	59.80882353	3.246	7.389	2.762	0	2.883	2.883	2.705	1.025	0.086	1.323	0.483	0.02	0.03	2.821
LIQUID AUDIO INC	0.043	0.001	43	1.935	9.269	0.028	0	9.077	9.077	0	0	0	-6.808	0.226	0	0	-8.294
LIVESTAR ENTMT GROUP INC	0.001	0.009	0.111111111	1.929	0.388	0.007	0	0.015	0.015	0.015	0.007	0	-0.954	0.003	0	0	-0.91
LOCATEPLUS HOLDINGS CORP	3.399	0.059	57.61016949	5.21	7.214	1.508	0	1.523	1.523	4.312	2.475	0.562	-3.583	0.6	0.686	0	-4.407
LOOKSMART LTD	156.229	0.408	382.9142157	39.795	126.092	22.265	0	63.866	69.934	29.488	8.444	0.283	19.219	7.836	0.112	0.576	5.786
LOUDEYE CORP	11.948	0.056	213.3571429	10.011	27.044	1.849	0	12.48	21.94	5.937	1.123	2.135	-8.03	2.378	0.286	0	-19.174
LUCENT TECHNOLOGIES INC	8470	34.5	245.5072464	19136	15765	1511	665	3821	4507	4081	1593	5591	203	574	353	-233	-770
MACREPORT NET INC	0.391	0.008	48.875	1.564	0.064	0	0	0.002	0.022	0.061	0.032	0	-0.912	0.012	0.108	0	-1.036
MAMMA.COM INC	8.939	0.037	241.5945946	3.716	11.736	2.303	0	4.489	4.489	1.175	0.367	0	0.493	0.319	0	-0.078	-0.211
MARCHEX INC	19.892	0.17	117.0117647	10.429	33.703	1.919	0	6.019	6.019	1.307	0.995	0	0.292	3.337	0	-1.085	-2.169
MARKETWATCH.COM INC	47.173	0.206	228.9951456	10.063	85.228	7.022	0	48.079	48.079	21.302	4.387	0	6.058	3.755	-99	0.15	2.655
MEDICAL MAKEOVER CP OF AMER	0.001	0.001	1	0.18	0	0	0	0	0	0	0	0	-0.027	0	0.001	0	-0.028
MEDSTRONG INTL CORP	0.278	0.004	69.5	0.935	0.159	0.001	0	0.024	0.024	0.071	0.036	0	-0.784	0.027	0.073	0	-0.884
MPSI SYSTEMS INC	10.825	0.067	161.5671642	3.362	3.51	1.135	0.142	0.892	0.892	3.181	0.363	0	0.433	0.323	0.064	-0.065	0.001
NAVISITE INC	62.755	0.367	170.9945504	46.798	55.379	12.576	0	3.862	3.862	42.499	16.291	7.907	-8.223	11.171	43.289	0	-69.52
NEOFORMA INC	11.053	0.261	42.348659	13.971	143.214	4.232	0	13.481	16.619	40.218	7.432	0	-50.973	13.885	1.039	0	-66.387
NETEASE.COM INC  -ADR	65.501	-99	-99	109.424	215.87	1.834	0	163.842	203.966	-99	4.882	100	41.498	2.016	0	2.553	39.01
NETSOLVE INC	45.925	0.293	156.7406143	3.884	57.962	4.696	0	19.885	40.328	18.191	6.212	0	1.778	3.156	0.009	-0.306	-0.641
NIC INC	50.831	0.29	175.2793103	22.576	85.739	17.872	0	13.54	19.152	10.711	2.992	0.207	8.979	1.641	0.02	1.185	6.328
NOVELL INC	1105.496	5.734	192.7966516	633.183	1567.653	232.492	0	366.932	751.852	539.339	255.526	0	77.975	61.058	-99	106.894	-161.904
ONESOURCE INFORMATION SVCS	57.284	0.264	216.9848485	41.852	60.563	16.705	0	22.794	22.794	14.136	4.612	1.528	6.339	2.627	0.083	1.528	2.547
ONLINE RESOURCES CORP	38.408	0.299	128.4548495	3.881	26.852	3.935	0	7.65	13.634	20.3	7.344	0.011	7.151	3.137	0.818	0.016	2.764
ONVIA.COM INC	9.991	0.123	81.22764228	15.681	39.866	0.343	0	22.728	30.382	14.803	2.169	0	-4.745	1.827	0	0	-7.913
PACIFICNET INC	1.217	0.65	1.872307692	5.261	7.173	1.89	0.076	3.823	4.035	4.942	0.466	0.526	-1.478	0.076	-99	0.032	-1.878
PAID INC	1.503	0.02	75.15	4.015	2.702	0.004	0.703	0.104	0.104	2.218	0.398	3.001	-2.787	0.519	0.409	0	-3.715
PAYMENT DATA SYSTEMS INC	0.119	0.007	17	0.725	0.938	0.044	0	0.528	0.528	0.784	0.215	0	-1.728	0.131	0.061	0	0.485
PEC SOLUTIONS INC	172.043	1.223	140.6729354	41.789	210.371	48.356	0	33.401	71.675	31.774	26.674	23.062	31.573	3.651	2.654	10.355	17.241
PEGASUS SOLUTIONS INC	172.73	1.32	130.8560606	137.904	366.56	22.298	0	58.983	63.029	158.252	75.474	75	34.778	28.029	1.552	-0.905	-1.832
PERFICIENT INC	30.192	0.147	205.3877551	4.244	20.26	5.535	0	1.989	1.989	2.839	0.699	0.436	3.382	1.281	0.286	0.755	1.05
PRICELINE.COM INC	863.661	0.293	2947.648464	175.207	337.784	10.782	0	93.732	267.953	75.542	16.524	124.524	19.365	11.533	0.907	0	11.916
PROQUEST CO	469.651	2.544	184.6112421	536.636	724.036	94.242	4.939	4.023	4.023	395.225	180.745	191	154.575	60.696	19.026	27.177	49.821
QUEPASA CORP	0.006	0.035	0.171428571	0.152	0.579	0.023	0	0.038	0.038	0.786	0.482	0.015	-2.614	0.271	0.003	0	-2.87
RAINDANCE COMMUNICATIONS INC	70.611	0.244	289.3893443	14.635	122.557	9.058	0	39.607	39.607	59.101	25.752	1.227	14.443	10.33	0.149	0	3.547
SAFE TECHNOLOGIES INTL	0.079	0.005	15.8	0.784	0.089	0.004	0	0.009	0.009	0.034	0.02	0	-0.252	0.057	0.08	0	-0.579
SAVVIS COMMUNICATIONS CORP	252.871	0.993	254.653575	125.55	124.623	11.305	0	28.173	28.173	295.958	59.357	56.587	-15.222	55.346	8.356	0	-94.033
SCORES HOLDING CO INC	1.45	0.001	1450	0.39	2.213	0.441	0.013	0	0	0.05	0.029	0.121	0.212	0.806	-99	0	-0.1
SILVERSTAR HOLDINGS LTD	3.141	0.027	116.3333333	2.329	12.354	0.266	0.168	0.782	1.618	0.396	0.14	0.034	-1.18	0.135	0.012	0	0.069
SINA CORP	114.285	0.785	145.5859873	130.39	289.897	17.606	0	153.149	227.164	22.365	8.646	100	44.806	6.862	0.341	0.895	31.423
SKYLYNX COMMUNICATIONS INC	0.418	0.004	104.5	0.43	0.55	0.028	0	0.021	0.021	0.128	0.075	0	-0.828	0.043	0	0	-0.871
SM&A CORP	75.593	0.315	239.9777778	7.37	31.803	12.178	0	17.712	17.712	1.222	0.723	0	20.005	0.274	-99	6.536	13.268
SOHU.COM INC	80.425	1.016	79.15846457	113.416	205.055	12.381	0	99.109	128.354	18.588	6.846	90	36.938	4.917	-99	6.65	26.357
SPORTSLINE.COM INC	57.668	0.264	218.4393939	52.001	75.6	13.856	0	2.485	19.428	36.723	5.563	16.661	-28.896	4.367	0.952	0	-38.569
SPORTSNUTS INC	0.659	0.01	65.9	2.979	0.33	0.023	0	0.053	0.053	1.502	0.095	0	-0.323	0.044	0.115	0	-0.41
SRA INTERNATIONAL INC	450.375	2.6	173.2211538	81.696	364.711	119.224	0	158.264	158.697	68.916	20.641	0	50.95	8.962	0.111	19.431	29.66
SUPERCLICK INC	0.003	-99	-99	0.285	1.607	0.16	0.023	0.019	0.019	0.078	0.041	0	-0.088	0.002	0	0	-0.09
SUPERIOR CONSULTANT HLDGS CP	99.54	0.609	163.4482759	30.937	53.853	12.74	0	11.756	12.688	45.5	24.235	11.859	3.993	5.08	1.042	0	-1.755
SYKES ENTERPRISES INC	480.359	17.8	26.98646067	112.422	313.254	77.494	0	92.085	92.085	254.9	107.194	0	39.252	30.125	-99	4.651	9.305
SYNTEL INC	179.507	3.861	46.49235949	32.675	186.081	32.429	0	110.699	136.836	25.617	7.115	0	52.052	2.522	0	13.242	40.304
TECHTEAM GLOBAL INC	88.089	1.593	55.29755179	11.93	77.7	23.147	0	35.195	35.195	40.102	10.042	0.408	3.212	5.891	0.038	0.41	-1.046
TERREMARK WORLDWIDE INC	18.214	0.145	125.6137931	100.153	77.433	6.646	0	4.379	4.379	66.548	53.898	68.9	-15.879	4.698	14.625	0	-22.491
THESTREET.COM	26.099	0.162	161.1049383	11.21	37.197	2.055	0	22.247	26.558	14.297	2.553	0.221	-2.001	2.408	-99	0	-4.039
TIER TECHNOLOGIES INC  -CL B	139.933	0.475	294.5957895	26.824	164.974	26.669	0	28.205	33.697	21.567	5.725	0.194	15.25	7.723	0.055	-3.302	-23.782
TRAVELZOO INC	17.991	0.039	461.3076923	2.885	6.726	2.37	0	3.522	3.522	0.51	0.163	0	4.23	0.163	0	1.702	2.05
TUCOWS INC	37.195	0.14	265.6785714	34.47	35.336	0.486	0	12.913	13.046	9.962	1.048	0	2.421	1.49	-99	0	2.063
UNITED ONLINE INC	277.295	0.461	601.5075922	63.764	280.676	12.42	0	85.838	192.339	60.481	11.535	0	48.663	27.56	-99	-1.781	27.792
USURF AMERICA INC	0.404	0.007	57.71428571	1.295	2.836	0.069	0.072	0.073	0.353	0.682	0.583	0	-3.453	0.13	0.056	0	-3.654
VALUECLICK INC	92.516	0.576	160.6180556	48.892	323.099	22.382	0	36.642	220.12	26.038	10.559	0.187	14.736	7.531	-99	0.83	9.823
VIA NET.WORKS INC	68.668	0.454	151.2511013	42.524	110.688	14.295	0	65.803	67.194	43.883	12.003	0.328	-21.05	8.107	0.015	0.165	-24.58
VISUAL DATA CORP	6.815	0.046	148.1521739	5.868	9.238	1.168	0.169	0.082	1.085	8.738	0.943	2.859	-1.807	1.965	0.912	0	-4.192
VITALSTREAM HOLDINGS INC	7.001	0.043	162.8139535	3.182	4.655	0.549	0	0.773	0.773	2.84	1.401	1.51	-0.31	0.688	0.15	0.002	-1.055
WEBB INTERACTIVE SVCS INC	0.647	0.002	323.5	0.095	2.694	0.271	0	0.559	0.559	1.051	0.259	0	-1.703	0.206	0	0	-2.187
WEBEX COMMUNICATIONS INC	189.341	1.241	152.5713135	35.602	201.496	21.414	0	70.996	134.635	55.342	19.275	0	55.048	11.947	0.012	-15.627	59.802
WEBMD CORP	963.98	5.635	171.0700976	956.709	2135.306	181.173	12.158	63.298	270.681	148.804	77.278	649.999	73.574	62.434	15.214	4.14	-17.006
WESTERN MEDIA GROUP CORP	0.014	0.005	2.8	0.287	0.119	0.002	0	0.054	0.054	0.043	0.037	0	-0.568	0.407	0	0	-4.471
WIDEPOINT CORP	3.294	0.035	94.11428571	0.292	1.466	0.406	0	0.949	0.949	0.026	0.007	0	-0.291	0.013	0.001	0	-0.291
XIN NET CORP	0.475	0.005	95	5.909	6.321	0.095	0	3.304	3.304	0.051	0.013	0	-0.185	0.008	0	0	-0.314
YAHOO INC	1625.097	5.5	295.4721818	1568.164	5931.654	282.415	0	713.539	1309.517	762.316	449.512	750	607.937	159.688	0	147.024	237.879
YZAPP INTERNATIONAL INC-REDH	0.035	0.002	17.5	0.341	0.06	0.033	0	0.003	0.003	0.034	0.02	0.003	-0.215	0.008	0.022	0	-0.244
ZAMBA CORP	10.017	0.056	178.875	2.453	1.887	0.618	0.079	0.699	0.699	1.181	0.326	0	-0.628	0.298	0.132	0	1.743
ZANETT INC	17.049	0.108	157.8611111	11.471	23.853	3.789	0	2.121	2.121	0.514	0.311	6.075	0.793	0.203	0.816	0.042	1.211
ZOOLINK CORP	0.576	0.011	52.36363636	0.29	0.632	0.068	0	0.058	0.058	0.893	0.38	0.015	-1.188	0.156	0.024	0	-1.367
