Time (sec)
17.17
1.83
1.34
0.87
0.74
24.51
9.05
0.23
2.31
1.3
8.1
0.41
5.52
3.45
8.11
12.89
2.24
0.78
0.23
4.29
0.45
2.76
0.94
6.97
15.15
0.8
5.97
8.02
10.46
7.31
0.92
0.82
7.4
3.87
1.55
1.45
3.25
11.48
8.65
3.47
2.83
18.98
5.73
4.41
5.5
4.53
6.93
4.12
1.69
0.57
19.82
8.17
4.94
2.65
0.72
2.17
2.66
1.3
3.76
9.3
2.64
1.32
13.11
3.63
6.8
3.45
6.7
15.33
0.65
20.91
3.18
1.51
0.73
2.51
3.63
2.49
18.59
2.75
1.2
0.72
0.43
5.87
7.44
2.83
8.68
10.88
3.35
2
7.27
7.18
5.88
14.88
1.07
3.39
2.18
4.08
5.96
9.38
5.07
13.98
