Date	DayofWeek	DepartureTime	WheelsOff	WheelsOn	ArrivalTime	AIR_TIME	ArrivalDelay 	DepartureDelay	TAXI_IN	TAXI_OUT	CARRIER_DELAY	WEATHER_DELAY	NAS_DELAY	SECURITY_DELAY	LATE_AIRCRAFT_DELAY	AIRLINE_ID	Origin	Destination
3239568000	1	1647	1703	453	458	410	-21	-8	5	16	0	0	0	0	0	19805	Honolulu,HI	Dallas/Ft.Worth,TX
3237494400	5	1553	1609	2355	2400	286	-27	-7	5	16	0	0	0	0	0	19805	San Francisco,CA	New York,NY
3238272000	7	816	837	1115	1138	338	-1	-9	23	21	0	0	0	0	0	19805	Boston,MA	Los Angeles,CA
3238444800	2	823	845	1129	1137	344	-2	-2	8	22	0	0	0	0	0	19805	Boston,MA	Los Angeles,CA
3239395200	6	2329	2344	722	730	278	-18	-1	8	15	0	0	0	0	0	19805	Los Angeles,CA	New York,NY
3237753600	1	1611	1643	1914	1918	331	16	11	4	32	11	0	5	0	0	19805	New York,NY	San Francisco,CA
3239136000	3	2048	2149	2354	3	305	25	3	9	61	0	0	25	0	0	19805	New York,NY	Los Angeles,CA
3239222400	4	1812	1826	2034	2038	308	-2	-3	4	14	0	0	0	0	0	19805	Los Angeles,CA	Kahului,HI
3237926400	3	1456	1521	1627	1703	126	35	1	36	25	0	0	35	0	0	19805	Chicago,IL	Denver,CO
3239654400	2	1612	1626	1725	1731	119	63	77	6	14	10	0	0	0	53	19805	Chicago,IL	Denver,CO
3238963200	1	1457	1534	1626	1632	112	2	-3	6	37	0	0	0	0	0	19805	New York,NY	Chicago,IL
3238963200	1	1737	1745	2019	2022	154	-19	-6	3	8	0	0	0	0	0	19805	San Juan,PR	Tampa,FL
3238185600	6	1237	1253	1645	1649	172	-11	-2	4	16	0	0	0	0	0	19805	Dallas/Ft.Worth,TX	Philadelphia,PA
3239222400	4	2109	2119	44	50	145	-7	0	6	10	0	0	0	0	0	19805	Dallas/Ft.Worth,TX	Washington,DC
3237926400	3	1919	1928	2003	2015	35	-7	-1	12	9	0	0	0	0	0	19805	Austin,TX	Dallas/Ft.Worth,TX
3237667200	7	1122	1133	1207	1213	154	-14	-4	6	11	0	0	0	0	0	19805	Dallas/Ft.Worth,TX	Santa Ana,CA
3239568000	1	719	726	858	906	92	16	1	8	7	0	0	16	0	0	19805	New Orleans,LA	Dallas/Ft.Worth,TX
3237753600	1	1842	1928	2007	2012	99	35	27	5	46	0	0	9	0	26	19805	Philadelphia,PA	Chicago,IL
3238358400	1	1119	1132	1131	1135	119	-10	-1	4	13	0	0	0	0	0	19805	Dallas/Ft.Worth,TX	Phoenix,AZ
3237667200	7	633	644	1021	1024	157	-9	-2	3	11	0	0	0	0	0	19805	Chicago,IL	Fort Lauderdale,FL
3238963200	1	1910	1937	2304	2308	147	7	-1	4	27	0	0	0	0	0	19805	Dallas/Ft.Worth,TX	Fort Lauderdale,FL
3238012800	4	1355	1408	1657	1703	109	-2	22	6	13	0	0	0	0	0	19805	Chicago,IL	Boston,MA
3238876800	7	1830	1840	1920	1925	40	28	37	5	10	28	0	0	0	0	19805	Orlando,FL	Miami,FL
3237926400	3	1117	1139	1340	1349	241	8	-4	9	22	0	0	0	0	0	19805	Chicago,IL	Seattle,WA
3237580800	6	1307	1319	1543	1547	144	30	44	4	12	11	0	0	0	19	19805	Newark,NJ	Miami,FL
3239136000	3	1707	1726	1804	1807	158	-6	-2	3	19	0	0	0	0	0	19805	Dallas/Ft.Worth,TX	Los Angeles,CA
3239136000	3	1451	1502	2007	2009	185	-16	2	2	11	0	0	0	0	0	19805	Los Angeles,CA	St. Louis,MO
3237667200	7	1643	1803	2213	2223	190	90	37	10	80	0	3	53	0	34	19805	Dallas/Ft.Worth,TX	Boston,MA
3237408000	4	2138	2147	2214	2218	147	-5	11	4	9	0	0	0	0	0	19805	Dallas/Ft.Worth,TX	Ontario/San Bernardino,CA
3238617600	4	1930	1940	2143	2147	123	-8	1	4	10	0	0	0	0	0	19805	Miami,FL	Washington,DC
3239568000	1	1855	1917	2017	2024	180	5	-1	7	22	0	0	0	0	0	19805	Dallas/Ft.Worth,TX	Reno,NV
3239827200	4	1046	1055	1505	1513	190	-23	-4	8	9	0	0	0	0	0	19805	Dallas/Ft.Worth,TX	Boston,MA
3238444800	2	1302	1312	1532	1537	80	-10	-2	5	10	0	0	0	0	0	19805	El Paso,TX	Dallas/Ft.Worth,TX
3237494400	5	1235	1255	1800	1817	185	6	-8	17	20	0	0	0	0	0	19805	Oakland,CA	Dallas/Ft.Worth,TX
3239395200	6	1120	1130	1420	1442	170	3	0	22	10	0	0	0	0	0	19805	Boston,MA	Miami,FL
3239222400	4	820	835	939	957	124	23	15	18	15	0	15	8	0	0	19805	Chicago,IL	Denver,CO
3237840000	2	910	923	1150	1203	207	-15	-5	13	13	0	0	0	0	0	19805	Boston,MA	Dallas/Ft.Worth,TX
3237667200	7	1453	1507	1946	2014	159	24	-1	28	14	0	0	24	0	0	19805	Ontario/San Bernardino,CA	Dallas/Ft.Worth,TX
3237494400	5	831	837	1309	1314	152	-14	-9	5	6	0	0	0	0	0	19805	Indio/Palm Springs,CA	Dallas/Ft.Worth,TX
3239308800	5	1651	1731	1931	2011	180	71	34	40	40	0	0	43	0	28	19805	Newark,NJ	Dallas/Ft.Worth,TX
3239827200	4	1931	1958	2127	2134	149	-8	-6	7	27	0	0	0	0	0	19805	Miami,FL	Chicago,IL
3239481600	7	1224	1245	1349	1353	184	-7	-6	4	21	0	0	0	0	0	19805	Dallas/Ft.Worth,TX	Sacramento,CA
3238444800	2	1605	1617	1741	1744	84	-14	0	3	12	0	0	0	0	0	19805	Chicago,IL	Tulsa,OK
3239308800	5	611	624	824	841	120	0	-7	17	13	0	0	0	0	0	19805	Minneapolis/St. Paul,MN	Dallas/Ft.Worth,TX
3239568000	1	2100	2126	2308	2318	102	91	103	10	26	0	0	0	0	91	19805	New York,NY	Atlanta,GA
3238185600	6	821	829	906	912	97	-8	-1	6	8	0	0	0	0	0	19805	Washington,DC	Chicago,IL
3238876800	7	1219	1237	1458	1508	141	8	-1	10	18	0	0	0	0	0	19805	San Juan,PR	Miami,FL
3238704000	5	1025	1053	1156	1202	123	0	-5	6	28	0	0	0	0	0	19805	Chicago,IL	Denver,CO
3239308800	5	719	727	809	817	42	-8	-1	8	8	0	0	0	0	0	19805	San Antonio,TX	Dallas/Ft.Worth,TX
3238531200	3	1229	1249	1608	1613	199	-4	-1	5	20	0	0	0	0	0	19805	New York,NY	San Juan,PR
3239827200	4	1938	1959	2318	2324	139	9	3	6	21	0	0	0	0	0	19805	Dallas/Ft.Worth,TX	Raleigh/Durham,NC
3237321600	3	755	804	1250	1301	166	-13	-5	11	9	0	0	0	0	0	19805	Reno,NV	Dallas/Ft.Worth,TX
3239136000	3	1558	1611	1758	1802	167	9	16	4	13	0	0	0	0	0	19805	Washington,DC	Dallas/Ft.Worth,TX
3239740800	3	1611	1623	1956	2001	153	0	-4	5	12	0	0	0	0	0	19805	St. Louis,MO	Miami,FL
3237494400	5	634	653	1052	1102	179	11	4	10	19	0	0	0	0	0	19805	Dallas/Ft.Worth,TX	Newark,NJ
3237926400	3	2108	2122	49	54	147	0	-8	5	14	0	0	0	0	0	19805	Dallas/Ft.Worth,TX	Fort Lauderdale,FL
3238444800	2	1131	1145	1346	1352	181	-15	-4	6	14	0	0	0	0	0	19805	Newark,NJ	Dallas/Ft.Worth,TX
3238963200	1	2054	2113	2231	2236	138	-12	-2	5	19	0	0	0	0	0	19805	Miami,FL	Dallas/Ft.Worth,TX
3237840000	2	1652	1701	1739	1808	38	14	2	29	9	0	0	0	0	0	19805	Austin,TX	Dallas/Ft.Worth,TX
3237926400	3	1455	1510	1640	1657	90	11	0	17	15	0	0	0	0	0	19805	St. Louis,MO	Dallas/Ft.Worth,TX
3239827200	4	1326	1344	1921	1925	217	10	25	4	18	0	0	0	0	0	19805	San Francisco,CA	Chicago,IL
3238704000	5	1835	1843	2055	2059	132	49	62	4	8	0	0	0	0	49	19805	San Juan,PR	Fort Lauderdale,FL
3237408000	4	632	647	1207	1221	200	0	-5	14	15	0	0	0	0	0	19805	Seattle,WA	Dallas/Ft.Worth,TX
3239827200	4	824	835	1202	1207	267	-13	-8	5	11	0	0	0	0	0	19805	San Juan,PR	Chicago,IL
3237667200	7	1559	1616	1740	1748	204	-16	-5	8	17	0	0	0	0	0	19805	Dallas/Ft.Worth,TX	Seattle,WA
3238012800	4	1644	1653	1725	1735	32	-10	-4	10	9	0	0	0	0	0	19805	Oklahoma City,OK	Dallas/Ft.Worth,TX
3238272000	7	818	839	1340	1350	181	6	3	10	21	0	0	0	0	0	19805	San Jose,CA	Dallas/Ft.Worth,TX
3238531200	3	1844	1909	2054	2101	105	-4	4	7	25	0	0	0	0	0	19805	Chicago,IL	Dallas/Ft.Worth,TX
3238099200	5	1432	1457	1649	1701	112	1	-3	12	25	0	0	0	0	0	19805	Dallas/Ft.Worth,TX	Chicago,IL
3239827200	4	1949	2015	2213	2218	118	88	84	5	26	0	0	5	0	83	19805	Atlanta,GA	New York,NY
3237926400	3	803	816	852	901	156	-13	-3	9	13	0	0	0	0	0	19805	Dallas/Ft.Worth,TX	Los Angeles,CA
3237408000	4	2040	2044	2103	2105	19	-24	-20	2	4	0	0	0	0	0	19678	Lihue,HI	Honolulu,HI
3239049600	2	1155	1205	1227	1230	22	-5	-5	3	10	0	0	0	0	0	19678	Honolulu,HI	Lihue,HI
3237494400	5	1938	1950	2020	2021	30	-5	-7	1	12	0	0	0	0	0	19678	Honolulu,HI	Kona,HI
3238704000	5	958	1009	1032	1035	23	0	-2	3	11	0	0	0	0	0	19678	Honolulu,HI	Kahului,HI
3238444800	2	2058	2104	2125	2128	21	-4	-2	3	6	0	0	0	0	0	19678	Kahului,HI	Honolulu,HI
3239049600	2	1558	1603	1644	1647	41	-10	-12	3	5	0	0	0	0	0	19678	Hilo,HI	Honolulu,HI
3238358400	1	1257	1259	1321	1323	22	-6	-3	2	2	0	0	0	0	0	19678	Lihue,HI	Honolulu,HI
3237926400	3	1006	1018	1056	1058	38	-7	-9	2	12	0	0	0	0	0	19678	Honolulu,HI	Hilo,HI
3238358400	1	850	856	932	940	36	-4	-15	8	6	0	0	0	0	0	19678	Kona,HI	Honolulu,HI
3238444800	2	758	810	1012	1017	302	-2	-2	5	12	0	0	0	0	0	19678	Oakland,CA	Kahului,HI
3238444800	2	1235	1246	2044	2054	298	0	-1	10	11	0	0	0	0	0	19678	Honolulu,HI	Santa Ana,CA
3237494400	5	1654	1709	1925	1935	136	-8	-5	10	15	0	0	0	0	0	19930	San Diego,CA	Seattle,WA
3237494400	5	847	907	1050	1058	103	18	17	8	20	0	0	18	0	0	19930	Seattle,WA	San Francisco,CA
3238272000	7	655	706	825	835	79	-7	-5	10	11	0	0	0	0	0	19930	Reno,NV	Seattle,WA
3237494400	5	1345	1356	1506	1512	70	6	5	6	11	0	0	0	0	0	19930	Oakland,CA	Santa Ana,CA
3237580800	6	1756	1812	2103	2116	351	-8	-17	13	16	0	0	0	0	0	19930	Boston,MA	Seattle,WA
3237580800	6	614	629	833	841	124	-6	-1	8	15	0	0	0	0	0	19930	Los Angeles,CA	Seattle,WA
3237494400	5	1127	1130	1201	1203	31	-7	0	2	3	0	0	0	0	0	19930	Nome,AK	Kotzebue,AK
3237667200	7	642	652	818	829	86	1	2	11	10	0	0	0	0	0	19930	Portland,OR	San Francisco,CA
3237753600	1	1910	1935	2247	2253	372	-6	-10	6	25	0	0	0	0	0	19930	Chicago,IL	Anchorage,AK
3238358400	1	651	705	746	753	41	-7	-9	7	14	0	0	0	0	0	19930	Spokane,WA	Seattle,WA
3237840000	2	2044	2102	2217	2222	75	0	-5	5	18	0	0	0	0	0	19930	San Francisco,CA	Portland,OR
3237926400	3	2224	2240	44	53	124	43	38	9	16	0	0	5	0	38	19930	Seattle,WA	Las Vegas,NV
3238012800	4	1355	1417	1543	1550	86	-10	-8	7	22	0	0	0	0	0	19930	San Francisco,CA	Seattle,WA
3239049600	2	1325	1401	1550	1554	109	-1	-12	4	36	0	0	0	0	0	19930	Las Vegas,NV	Portland,OR
3238185600	6	821	840	1406	1418	206	5	6	12	19	0	0	0	0	0	19930	Seattle,WA	Dallas/Ft.Worth,TX
3238444800	2	1934	1938	2046	2050	68	21	22	4	4	0	0	0	0	21	19930	Barrow,AK	Fairbanks,AK
3238444800	2	1353	1404	1442	1444	38	-5	5	2	11	0	0	0	0	0	19930	Anchorage,AK	Fairbanks,AK
3237408000	4	1132	1137	1207	1210	30	0	5	3	5	0	0	0	0	0	19930	Nome,AK	Kotzebue,AK
3237321600	3	1457	1511	1636	1642	85	-3	-7	6	14	0	0	0	0	0	19930	Portland,OR	Oakland,CA
3237235200	2	657	713	922	929	129	-4	-3	7	16	0	0	0	0	0	19930	Las Vegas,NV	Seattle,WA
3239222400	4	1532	1547	1749	1753	122	-13	-3	4	15	0	0	0	0	0	19930	Seattle,WA	Ontario/San Bernardino,CA
3239568000	1	1235	1250	1502	1507	132	12	13	5	15	0	0	0	0	0	19930	Seattle,WA	Ontario/San Bernardino,CA
3239740800	3	1519	1547	1754	1759	127	52	46	5	28	46	0	6	0	0	19930	Seattle,WA	Long Beach,CA
3237235200	2	657	736	936	942	120	-8	2	6	39	0	0	0	0	0	20409	New York,NY	Long Beach,CA
3237408000	4	1023	1036	1849	1902	493	7	-7	13	13	0	0	0	0	0	20409	Long Beach,CA	New York,NY
3237494400	5	1653	1733	1852	1856	79	16	13	4	40	13	0	3	0	0	20409	New York,NY	Charlotte,NC
3237667200	7	958	1009	1816	1822	487	-23	-7	6	11	0	0	0	0	0	20409	Oakland,CA	Boston,MA
3237753600	1	559	609	650	655	41	-15	-1	5	10	0	0	0	0	0	20409	Syracuse,NY	New York,NY
3237840000	2	2311	2326	509	513	343	-17	-4	4	15	0	0	0	0	0	20409	Salt Lake City,UT	New York,NY
3237926400	3	2243	2255	634	642	459	42	68	8	12	42	0	0	0	0	20409	Oakland,CA	New York,NY
3238099200	5	1617	1634	2352	2358	438	8	17	6	17	0	0	0	0	0	20409	Long Beach,CA	Washington,DC
3238444800	2	1202	1214	1938	1945	444	-20	-3	7	12	0	0	0	0	0	20409	Oakland,CA	Washington,DC
3238617600	4	2242	2249	2340	2	51	3	-3	22	7	0	0	0	0	0	20409	Buffalo,NY	New York,NY
3238704000	5	2136	2151	533	541	462	-14	-9	8	15	0	0	0	0	0	20409	Long Beach,CA	New York,NY
3239395200	6	1920	1931	2021	2026	50	21	30	5	11	0	0	0	0	21	20409	Burlington,VT	New York,NY
3239740800	3	2138	2246	37	45	111	40	3	8	68	0	0	40	0	0	20409	New York,NY	Las Vegas,NV
3239740800	3	1614	1717	2007	2013	170	53	-1	6	63	0	0	53	0	0	20409	New York,NY	Fort Lauderdale,FL
3239827200	4	1522	1543	1634	1639	51	14	17	5	21	0	0	0	0	0	20409	New York,NY	Buffalo,NY
3238531200	3	1303	1316	1542	1552	146	18	33	10	13	0	0	0	0	18	19704	West Palm Beach/Palm Beach,FL	Newark,NJ
3237580800	6	2142	2223	2355	1	212	45	42	6	41	0	0	3	2	40	19704	Houston,TX	Portland,OR
3238099200	5	1405	1422	1642	1646	320	1	5	4	17	0	0	0	0	0	19704	Newark,NJ	Seattle,WA
3239827200	4	1857	1911	2309	2315	178	-14	5	6	14	0	0	0	0	0	19704	Houston,TX	New York,NY
3237580800	6	2001	2016	2239	2245	323	-9	11	6	15	0	0	0	0	0	19704	Newark,NJ	Seattle,WA
3238099200	5	708	719	807	813	108	-8	-2	6	11	0	0	0	0	0	19704	Jacksonville,FL	Houston,TX
3239568000	1	1131	1140	1355	1400	135	-10	-9	5	9	0	0	0	0	0	19704	Ft. Myers,FL	Cleveland,OH
3239481600	7	744	758	1602	1610	304	12	-6	8	14	0	0	0	0	0	19704	Seattle,WA	Newark,NJ
3237321600	3	1548	1609	2113	2119	244	-9	-2	6	21	0	0	0	0	0	19704	Houston,TX	San Juan,PR
3238876800	7	658	720	805	810	105	-8	-12	5	22	0	0	0	0	0	19704	Jacksonville,FL	Houston,TX
3239136000	3	1329	1341	1628	1641	227	3	-1	13	12	0	0	0	0	0	19704	Boston,MA	Houston,TX
3237580800	6	1742	1803	1859	1906	56	13	2	7	21	0	0	0	0	0	19704	Houston,TX	New Orleans,LA
3238617600	4	1811	1825	1925	1932	120	-28	-11	7	14	0	0	0	0	0	19704	Fort Lauderdale,FL	Houston,TX
3238617600	4	1208	1220	1433	1439	133	-5	-8	6	12	0	0	0	0	0	19704	Tampa,FL	Cleveland,OH
3239654400	2	759	825	1111	1115	106	1	-1	4	26	0	0	0	0	0	19704	Houston,TX	Tampa,FL
3239136000	3	1924	2054	2329	2338	95	75	24	9	90	0	0	52	0	23	19704	Chicago,IL	Newark,NJ
3238704000	5	824	839	950	957	71	-2	-5	7	15	0	0	0	0	0	19704	Cleveland,OH	New York,NY
3239308800	5	1801	1828	1844	1850	136	1	1	6	27	0	0	0	0	0	19704	Houston,TX	Phoenix,AZ
3237753600	1	1309	1326	1718	1721	172	9	7	3	17	0	0	0	0	0	19704	Houston,TX	Washington,DC
3239740800	3	919	941	1017	1020	36	5	9	3	22	0	0	0	0	0	19704	Houston,TX	San Antonio,TX
3238876800	7	837	846	1022	1027	96	-17	-8	5	9	0	0	0	0	0	19704	Kansas City,MO	Houston,TX
3237753600	1	1809	1847	2008	2014	201	25	24	6	38	0	6	1	0	18	19704	Houston,TX	San Jose,CA
3239740800	3	2046	2104	2241	2257	277	14	-9	16	18	0	0	0	0	0	19704	Cleveland,OH	Los Angeles,CA
3237667200	7	1636	1704	1919	1934	195	7	7	15	28	0	0	0	0	0	19704	New York,NY	Houston,TX
3239481600	7	1357	1424	1642	1649	138	-18	-3	7	27	0	0	0	0	0	19704	Newark,NJ	Fort Lauderdale,FL
3237926400	3	1659	1731	1934	1940	183	70	79	6	32	0	0	3	0	67	19704	Newark,NJ	Dallas/Ft.Worth,TX
3239654400	2	1814	1839	1957	2004	78	63	68	7	25	0	0	63	0	0	19704	Columbus,OH	Newark,NJ
3239308800	5	1821	1911	2112	2119	121	2	1	7	50	0	0	0	0	0	19704	Newark,NJ	Orlando,FL
3237926400	3	1637	1707	1902	1907	175	-23	2	5	30	0	0	0	0	0	19704	Newark,NJ	Houston,TX
3238531200	3	1750	1815	1947	1953	92	-7	-5	6	25	0	0	0	0	0	19704	Boston,MA	Cleveland,OH
3239740800	3	726	740	1147	1151	127	-19	-4	4	14	0	0	0	0	0	19704	Phoenix,AZ	Houston,TX
3238790400	6	2108	2139	2218	2222	39	8	-2	4	31	0	0	0	0	0	19704	Houston,TX	Dallas/Ft.Worth,TX
3238358400	1	1548	1612	2034	2040	202	-4	-2	6	24	0	0	0	0	0	19704	Houston,TX	New York,NY
3237580800	6	905	917	1120	1125	123	-9	-5	5	12	0	0	0	0	0	19704	Orlando,FL	Cleveland,OH
3238185600	6	1136	1151	1317	1322	206	-13	1	5	15	0	0	0	0	0	19704	Houston,TX	San Jose,CA
3238876800	7	1306	1323	1519	1526	296	-4	-4	7	17	0	0	0	0	0	19704	Newark,NJ	Las Vegas,NV
3239222400	4	1906	1928	2240	2244	132	-7	1	4	22	0	0	0	0	0	19704	Houston,TX	Columbus,OH
3238358400	1	1721	1744	1830	1837	106	-5	11	7	23	0	0	0	0	0	19704	Newark,NJ	Chicago,IL
3237494400	5	712	728	1025	1030	117	-9	-3	5	16	0	0	0	0	0	19704	Denver,CO	Houston,TX
3239049600	2	751	807	1557	1608	290	3	6	11	16	0	0	0	0	0	19704	Los Angeles,CA	Newark,NJ
3239308800	5	1707	1728	1947	1957	139	24	29	10	21	0	0	24	0	0	19704	Orlando,FL	Newark,NJ
3238531200	3	620	639	802	811	83	1	-5	9	19	0	0	0	0	0	19704	Birmingham,AL	Houston,TX
3238444800	2	1427	1442	1525	1531	43	-12	-3	6	15	0	0	0	0	0	19704	Newark,NJ	Boston,MA
3237408000	4	1907	1936	2152	2158	136	-1	3	6	29	0	0	0	0	0	19704	Houston,TX	Minneapolis/St. Paul,MN
3237235200	2	1639	1650	1937	2003	107	23	9	26	11	0	0	14	0	9	19790	Houston,TX	Atlanta,GA
3237235200	2	1816	1952	2124	2131	92	65	6	7	96	6	0	59	0	0	19790	Atlanta,GA	Philadelphia,PA
3237235200	2	1109	1124	1333	1341	129	-1	-1	8	15	0	0	0	0	0	19790	Atlanta,GA	Boston,MA
3237494400	5	1341	1400	1655	1709	115	58	51	14	19	51	0	7	0	0	19790	Austin,TX	Atlanta,GA
3237494400	5	807	827	1100	1111	333	34	67	11	20	0	34	0	0	0	19790	Boston,MA	Los Angeles,CA
3237494400	5	726	741	823	826	42	-16	-4	3	15	0	0	0	0	0	19790	Boston,MA	New York,NY
3237667200	7	2134	2205	2242	2247	37	13	-1	5	31	0	0	0	0	0	19790	Atlanta,GA	Savannah,GA
3237667200	7	1356	1413	1641	1649	148	1	-4	8	17	0	0	0	0	0	19790	Providence,RI	Atlanta,GA
3237753600	1	1453	1513	1611	1616	58	-4	-4	5	20	0	0	0	0	0	19790	Denver,CO	Salt Lake City,UT
3237753600	1	1541	1603	1736	1751	93	-4	-2	15	22	0	0	0	0	0	19790	Atlanta,GA	Philadelphia,PA
3237753600	1	1049	1109	1039	1043	30	28	34	4	20	0	0	0	0	28	19790	Atlanta,GA	Birmingham,AL
3237753600	1	1656	1711	2203	2210	172	-16	-3	7	15	0	0	0	0	0	19790	Salt Lake City,UT	Cincinnati,OH
3237753600	1	2130	2249	56	101	127	90	63	5	79	0	0	90	0	0	19790	New York,NY	Tampa,FL
3237926400	3	2146	2213	2340	2347	87	84	76	7	27	0	76	8	0	0	19790	Atlanta,GA	Baltimore,MD
3237926400	3	1659	1716	2210	2215	174	-11	0	5	17	0	0	0	0	0	19790	Salt Lake City,UT	Cincinnati,OH
3237926400	3	1645	1706	1802	1805	56	-8	-2	3	21	0	0	0	0	0	19790	Atlanta,GA	Raleigh/Durham,NC
3237926400	3	1946	2001	2133	2143	92	-36	-3	10	15	0	0	0	0	0	19790	Philadelphia,PA	Atlanta,GA
3238012800	4	1245	1257	1712	1720	135	-9	0	8	12	0	0	0	0	0	19790	Denver,CO	Cincinnati,OH
3238012800	4	1727	1831	2109	2116	278	51	2	7	64	0	0	51	0	0	19790	Newark,NJ	Salt Lake City,UT
3238012800	4	1236	1250	1437	1445	107	-5	-2	8	14	0	0	0	0	0	19790	Atlanta,GA	New York,NY
3238012800	4	921	933	1104	1111	91	19	21	7	12	19	0	0	0	0	19790	Atlanta,GA	Baltimore,MD
3238012800	4	1623	1642	2132	2147	170	66	53	15	19	0	0	66	0	0	19790	Denver,CO	Atlanta,GA
3238012800	4	1431	1526	1650	1655	84	27	1	5	55	0	0	27	0	0	19790	Washington,DC	Atlanta,GA
3238012800	4	2242	2	207	211	125	171	137	4	80	3	0	34	0	134	19790	New York,NY	Orlando,FL
3238099200	5	1140	1259	1453	1503	114	95	40	10	79	17	0	55	0	23	19790	New York,NY	Atlanta,GA
3238099200	5	1913	1944	2046	2050	62	7	3	4	31	0	0	0	0	0	19790	Atlanta,GA	Tampa,FL
3238185600	6	1259	1311	1548	1556	157	25	29	8	12	0	0	0	0	25	19790	Ft. Myers,FL	Boston,MA
3238531200	3	611	623	831	839	68	-11	-4	8	12	0	0	0	0	0	19790	Sacramento,CA	Salt Lake City,UT
3238531200	3	555	607	649	655	42	-14	-5	6	12	0	0	0	0	0	19790	Charleston,SC	Atlanta,GA
3238531200	3	1104	1129	1240	1245	71	2	-2	5	25	0	0	0	0	0	19790	Atlanta,GA	Richmond,VA
3238531200	3	718	730	952	1002	142	-5	-7	10	12	0	0	0	0	0	19790	Tampa,FL	New York,NY
3238617600	4	1900	1914	2035	2045	201	-10	0	10	14	0	0	0	0	0	19790	Atlanta,GA	Salt Lake City,UT
3238617600	4	1937	1952	2117	2128	85	-1	7	11	15	0	0	0	0	0	19790	Miami,FL	Atlanta,GA
3238617600	4	634	647	805	811	78	12	4	6	13	0	0	0	0	0	19790	Atlanta,GA	Washington,DC
3238704000	5	840	907	1118	1128	131	5	0	10	27	0	0	0	0	0	19790	Boston,MA	Atlanta,GA
3238704000	5	1721	1746	2056	2106	130	7	1	10	25	0	0	0	0	0	19790	Salt Lake City,UT	Dallas/Ft.Worth,TX
3238790400	6	1116	1131	1243	1251	72	-4	-9	8	15	0	0	0	0	0	19790	Sarasota/Bradenton,FL	Atlanta,GA
3238790400	6	644	656	1345	1351	229	-9	-1	6	12	0	0	0	0	0	19790	Los Angeles,CA	Cincinnati,OH
3238876800	7	2	29	2	9	33	136	137	7	27	48	0	0	0	88	19790	Atlanta,GA	Nashville,TN
3238876800	7	2251	2316	602	607	226	-9	-9	5	25	0	0	0	0	0	19790	Los Angeles,CA	Columbus,OH
3239049600	2	1315	1326	1510	1517	104	-10	-5	7	11	0	0	0	0	0	19790	Orlando,FL	Cincinnati,OH
3239136000	3	1829	1849	1951	1958	242	-3	-3	7	20	0	0	0	0	0	19790	Atlanta,GA	Santa Ana,CA
3239136000	3	1111	1124	1308	1315	44	-2	-4	7	13	0	0	0	0	0	19790	Nashville,TN	Atlanta,GA
3239222400	4	2139	2158	2304	2316	246	-2	-1	12	19	0	0	0	0	0	19790	Atlanta,GA	Los Angeles,CA
3239222400	4	555	605	726	735	81	-13	-5	9	10	0	0	0	0	0	19790	Washington,DC	Atlanta,GA
3239222400	4	1327	1352	1456	1500	64	20	14	4	25	0	0	6	0	14	19790	Atlanta,GA	Sarasota/Bradenton,FL
3239308800	5	2343	2356	510	518	194	-1	-2	8	13	0	0	0	0	0	19790	Salt Lake City,UT	Atlanta,GA
3239308800	5	2157	2226	2338	2346	72	38	27	8	29	27	0	11	0	0	19790	Atlanta,GA	Pittsburgh,PA
3239308800	5	1547	1607	1821	1826	254	4	3	5	20	0	0	0	0	0	19790	Washington,DC	Salt Lake City,UT
3239395200	6	2008	2027	2121	2124	54	-6	-3	3	19	0	0	0	0	0	19790	Atlanta,GA	Daytona Beach,FL
3239481600	7	1700	1719	2050	2055	151	-17	-4	5	19	0	0	0	0	0	19790	Salt Lake City,UT	Chicago,IL
3239481600	7	902	914	1035	1042	81	-16	-8	7	12	0	0	0	0	0	19790	Fort Lauderdale,FL	Atlanta,GA
3239568000	1	1310	1325	1349	1358	84	-11	-8	9	15	0	0	0	0	0	19790	Salt Lake City,UT	Los Angeles,CA
3239568000	1	1318	1335	1632	1643	117	5	4	11	17	0	0	0	0	0	19790	San Antonio,TX	Atlanta,GA
3239568000	1	1527	1540	1543	1548	63	1	12	5	13	0	0	0	0	0	19790	Atlanta,GA	New Orleans,LA
3239654400	2	604	627	805	812	98	-13	-6	7	23	0	0	0	0	0	19790	Philadelphia,PA	Atlanta,GA
3239740800	3	2328	2337	612	618	215	-22	-4	6	9	0	0	0	0	0	19790	Ontario/San Bernardino,CA	Atlanta,GA
3239740800	3	945	1015	1059	1111	104	8	0	12	30	0	0	0	0	0	19790	Atlanta,GA	Dallas/Ft.Worth,TX
3239827200	4	837	853	1018	1032	205	4	-3	14	16	0	0	0	0	0	19790	Cincinnati,OH	Salt Lake City,UT
3239827200	4	1347	1405	1557	1606	52	49	26	9	18	0	0	49	0	0	19790	Huntsville,AL	Atlanta,GA
3239827200	4	1910	1939	2058	2104	259	22	4	6	29	0	0	22	0	0	19790	Atlanta,GA	Burbank,CA
3239827200	4	1629	1646	1900	1905	74	174	189	5	17	149	0	0	0	25	19790	Los Angeles,CA	Salt Lake City,UT
3239568000	1	900	930	1009	1010	39	35	30	1	30	0	30	5	0	0	20366	Atlanta,GA	Augusta,GA
3239568000	1	1504	1517	1555	1616	38	36	31	21	13	0	0	5	0	31	20366	Augusta,GA	Atlanta,GA
3239568000	1	1841	1845	1917	1924	32	50	56	7	4	0	0	0	0	50	20366	Columbus,GA	Atlanta,GA
3238790400	6	2126	2135	2200	2212	85	-2	16	12	9	0	0	0	0	0	20366	Atlanta,GA	Milwaukee,WI
3239222400	4	2235	2250	2343	2347	113	-12	0	4	15	0	0	0	0	0	20366	Atlanta,GA	San Antonio,TX
3238358400	1	1000	1021	1129	1133	68	28	21	4	21	0	0	7	0	21	20366	Atlanta,GA	Daytona Beach,FL
3237321600	3	1022	1038	1055	1057	77	3	23	2	16	0	0	0	0	0	20366	Atlanta,GA	Fayetteville,AR
3239481600	7	1937	1944	2030	2054	46	112	102	24	7	0	0	10	0	102	20366	Tallahassee,FL	Atlanta,GA
3237667200	7	1424	1444	1539	1544	115	-5	1	5	20	0	0	0	0	0	20366	Oklahoma City,OK	Salt Lake City,UT
3238963200	1	1808	1846	1857	1859	71	62	42	2	38	0	0	20	0	42	20366	Atlanta,GA	Panama City,FL
3238876800	7	2000	2005	2049	2104	44	146	150	15	5	0	146	0	0	0	20366	Brunswick,GA	Atlanta,GA
3237494400	5	1714	1734	1759	1803	85	9	12	4	20	0	0	0	0	0	20366	Atlanta,GA	Fayetteville,AR
3237235200	2	2253	2316	2246	2249	30	15	13	3	23	13	0	2	0	0	20366	Atlanta,GA	Huntsville,AL
3239740800	3	2315	13	33	2440	-1360	83	47	1447	58	47	0	36	0	0	20366	Atlanta,GA	Fayetteville,AR
3237235200	2	1045	1111	1202	1207	111	-8	-6	5	26	0	0	0	0	0	20366	Atlanta,GA	Corpus Christi,TX
3239654400	2	1255	1431	1701	1705	90	77	-5	4	96	0	0	77	0	0	20366	Bloomington,IL	Atlanta,GA
3238444800	2	620	630	915	927	105	-16	-10	12	10	0	0	0	0	0	20366	Madison,WI	Atlanta,GA
3238704000	5	1525	1547	1717	1720	90	15	13	3	22	13	0	2	0	0	20366	Atlanta,GA	Grand Rapids,MI
3239481600	7	1525	1532	1659	1701	87	-4	13	2	7	0	0	0	0	0	20366	Atlanta,GA	Grand Rapids,MI
3237667200	7	1810	1819	2114	2128	115	32	37	14	9	0	32	0	0	0	20366	Omaha,NE	Atlanta,GA
3239481600	7	1110	1120	1225	1248	65	11	-5	23	10	0	0	0	0	0	20366	Wilmington,NC	Atlanta,GA
3237926400	3	740	745	846	848	61	-12	0	2	5	0	0	0	0	0	20366	Missoula,MT	Salt Lake City,UT
3238617600	4	925	958	954	1000	56	9	0	6	33	0	0	0	0	0	20366	Atlanta,GA	Gulfport/Biloxi,MS
3238704000	5	1640	1654	1801	1807	127	-3	4	6	14	0	0	0	0	0	20366	Atlanta,GA	Minneapolis/St. Paul,MN
3238963200	1	1830	1830	1933	1941	63	-17	0	8	0	0	0	0	0	0	20366	Roanoke,VA	Atlanta,GA
3237321600	3	1215	1241	1406	1410	145	-20	0	4	26	0	0	0	0	0	20366	Houston,TX	Salt Lake City,UT
3239222400	4	1822	1849	1926	1929	37	54	52	3	27	0	0	2	0	52	20366	Atlanta,GA	Tallahassee,FL
3238185600	6	1411	1420	1622	1632	62	38	46	10	9	38	0	0	0	0	20366	New Orleans,LA	Atlanta,GA
3237321600	3	1625	1630	1807	1817	97	18	15	10	5	15	0	3	0	0	20366	Toledo,OH	Atlanta,GA
3238444800	2	1025	1037	1308	1318	91	0	5	10	12	0	0	0	0	0	20366	Chicago,IL	Atlanta,GA
3237840000	2	1705	1741	1755	1818	74	84	65	23	36	16	49	19	0	0	20366	Atlanta,GA	Chicago,IL
3239740800	3	625	636	945	956	129	4	-5	11	11	0	0	0	0	0	20366	Corpus Christi,TX	Atlanta,GA
3238358400	1	1454	1504	1748	1805	104	57	54	17	10	54	0	3	0	0	20366	Kansas City,MO	Atlanta,GA
3238185600	6	1219	1225	1336	1343	71	-2	4	7	6	0	0	0	0	0	20366	Columbia,SC	Cincinnati,OH
3239049600	2	1040	1058	1258	1313	60	42	24	15	18	24	0	18	0	0	20366	Gulfport/Biloxi,MS	Atlanta,GA
3237926400	3	615	622	844	918	82	13	0	34	7	0	0	0	0	0	20366	Peoria,IL	Atlanta,GA
3237580800	6	610	634	855	915	81	14	0	20	24	0	0	0	0	0	20366	Shreveport,LA	Atlanta,GA
3237753600	1	1410	1433	1507	1511	34	1	0	4	23	0	0	0	0	0	20366	Atlanta,GA	Tallahassee,FL
3238012800	4	720	730	746	754	16	-20	-5	8	10	0	0	0	0	0	20366	Macon,GA	Atlanta,GA
3238790400	6	1537	1540	1803	1811	143	-10	21	8	3	0	0	0	0	0	20366	Burlington,VT	Atlanta,GA
3237494400	5	2013	2028	2150	2202	82	44	50	12	15	44	0	0	0	0	20366	Cleveland,OH	Atlanta,GA
3237494400	5	635	647	820	835	93	-5	-5	15	12	0	0	0	0	0	20366	Wilmington,DE	Atlanta,GA
3239308800	5	2035	2103	2123	2126	80	-1	0	3	28	0	0	0	0	0	20366	Atlanta,GA	Springfield,MO
3237580800	6	922	935	1028	1051	53	16	7	23	13	7	0	9	0	0	20366	Raleigh/Durham,NC	Atlanta,GA
3237753600	1	1238	1255	1358	1405	123	8	15	7	17	0	0	0	0	0	20366	Atlanta,GA	Minneapolis/St. Paul,MN
3239222400	4	2210	2238	2256	2303	78	74	67	7	28	67	0	7	0	0	20366	Atlanta,GA	Shreveport,LA
3239481600	7	2221	2239	2303	2309	84	80	78	6	18	78	0	2	0	0	20366	Atlanta,GA	Shreveport,LA
3237235200	2	1700	1711	1811	1820	120	0	5	9	11	0	0	0	0	0	20436	Denver,CO	Los Angeles,CA
3237321600	3	2138	2203	2326	2336	143	26	13	10	25	13	0	13	0	0	20436	Denver,CO	Seattle,WA
3237408000	4	1551	1636	1923	1929	107	34	1	6	45	1	0	33	0	0	20436	Denver,CO	Austin,TX
3237494400	5	722	742	918	925	216	-25	-3	7	20	0	0	0	0	0	20436	Philadelphia,PA	Denver,CO
3237494400	5	1005	1019	1234	1238	75	3	10	4	14	0	0	0	0	0	20436	Phoenix,AZ	Denver,CO
3237667200	7	655	703	723	732	80	-8	-5	9	8	0	0	0	0	0	20436	Kansas City,MO	Denver,CO
3238185600	6	613	624	734	737	70	-3	-7	3	11	0	0	0	0	0	20436	Denver,CO	Salt Lake City,UT
3238272000	7	1228	1236	1355	1402	139	-3	8	7	8	0	0	0	0	0	20436	Denver,CO	Seattle,WA
3238272000	7	2212	2225	2344	2351	139	41	47	7	13	0	41	0	0	0	20436	Denver,CO	Seattle,WA
3238531200	3	1031	1044	1312	1323	88	3	1	11	13	0	0	0	0	0	20436	Denver,CO	Dallas/Ft.Worth,TX
3239049600	2	2021	2030	2322	2329	112	14	21	7	9	0	0	0	0	0	20436	Sacramento,CA	Denver,CO
3239049600	2	1638	1648	2133	2140	165	-19	-2	7	10	0	0	0	0	0	20436	Denver,CO	Washington,DC
3239395200	6	824	844	956	1001	132	6	-1	5	20	0	0	0	0	0	20436	Denver,CO	San Jose,CA
3239481600	7	603	614	729	739	135	-1	-7	10	11	0	0	0	0	0	20436	Milwaukee,WI	Denver,CO
3239568000	1	1026	1039	1344	1350	125	-10	-9	6	13	0	0	0	0	0	20436	San Jose,CA	Denver,CO
3239568000	1	1030	1046	1351	1358	125	-17	-10	7	16	0	0	0	0	0	20436	Denver,CO	Nashville,TN
3239654400	2	2050	2102	2329	2336	87	-9	-10	7	12	0	0	0	0	0	20436	Las Vegas,NV	Denver,CO
3239654400	2	626	636	927	932	111	-8	-4	5	10	0	0	0	0	0	20436	Los Angeles,CA	Denver,CO
3239827200	4	1015	1028	1124	1134	56	-6	-5	10	13	0	0	0	0	0	20436	San Francisco,CA	Los Angeles,CA
3237235200	2	1554	1603	1646	1658	43	-16	-4	12	9	0	0	0	0	0	20437	Jacksonville,FL	Atlanta,GA
3237235200	2	1317	1328	2042	2110	254	40	-3	28	11	0	0	40	0	0	20437	Los Angeles,CA	Atlanta,GA
3237321600	3	808	822	924	929	62	-9	-2	5	14	0	0	0	0	0	20437	Atlanta,GA	Dayton,OH
3237321600	3	1741	1822	2036	2048	134	32	14	12	41	0	0	32	0	0	20437	Boston,MA	Atlanta,GA
3237321600	3	544	554	711	717	77	-13	-1	6	10	0	0	0	0	0	20437	Washington,DC	Atlanta,GA
3237408000	4	633	651	828	834	157	12	3	6	18	0	0	0	0	0	20437	Boston,MA	Chicago,IL
3237580800	6	1219	1226	1358	1403	92	-5	2	5	7	0	0	0	0	0	20437	Orlando,FL	Newport News/Williamsburg,VA
3237667200	7	1629	1637	1939	1946	122	-11	-4	7	8	0	0	0	0	0	20437	Bloomington,IL	Orlando,FL
3237926400	3	1901	1908	2122	2149	74	74	41	27	7	0	0	33	0	41	20437	Pensacola,FL	Atlanta,GA
3238012800	4	2217	2232	2335	2345	63	80	85	10	15	0	0	80	0	0	20437	Orlando,FL	Atlanta,GA
3238012800	4	1738	1750	2018	2024	88	-5	-6	6	12	0	0	0	0	0	20437	Milwaukee,WI	Baltimore,MD
3238012800	4	1442	1525	1620	1634	55	53	17	14	43	0	0	36	0	17	20437	Myrtle Beach,SC	Atlanta,GA
3238099200	5	1628	1644	1750	1755	66	-4	4	5	16	0	0	0	0	0	20437	Baltimore,MD	Detroit,MI
3238099200	5	939	946	1217	1227	91	-20	-5	10	7	0	0	0	0	0	20437	Kansas City,MO	Atlanta,GA
3238099200	5	1847	1915	2053	2109	98	34	42	16	28	0	0	0	0	34	20437	Philadelphia,PA	Atlanta,GA
3238358400	1	1020	1040	1141	1148	61	6	2	7	20	0	0	0	0	0	20437	Atlanta,GA	Orlando,FL
3238358400	1	806	817	1013	1019	116	-5	-4	6	11	0	0	0	0	0	20437	Tampa,FL	Baltimore,MD
3238444800	2	1400	1410	1607	1626	117	-14	-13	19	10	0	0	0	0	0	20437	Fort Lauderdale,FL	Baltimore,MD
3238704000	5	1724	1742	1905	1915	83	-8	-6	10	18	0	0	0	0	0	20437	Baltimore,MD	Atlanta,GA
3238790400	6	809	819	1020	1029	121	5	-1	9	10	0	0	0	0	0	20437	Tampa,FL	Baltimore,MD
3239222400	4	2131	2148	2329	2333	101	9	11	4	17	0	0	0	0	0	20437	Atlanta,GA	Rochester,NY
3239308800	5	855	905	1206	1217	121	-18	-7	11	10	0	0	0	0	0	20437	Minneapolis/St. Paul,MN	Atlanta,GA
3239395200	6	921	950	1113	1117	83	6	1	4	29	0	0	0	0	0	20437	Atlanta,GA	Baltimore,MD
3239395200	6	627	636	754	812	78	-6	-8	18	9	0	0	0	0	0	20437	Richmond,VA	Atlanta,GA
3239481600	7	1833	1844	1958	2010	74	-17	-2	12	11	0	0	0	0	0	20437	Washington,DC	Atlanta,GA
3239481600	7	553	601	753	814	52	-4	-7	21	8	0	0	0	0	0	20437	Memphis,TN	Atlanta,GA
3238617600	4	1259	1318	2053	2059	455	24	19	6	19	19	0	0	0	5	19690	Honolulu,HI	San Francisco,CA
3237494400	5	947	1000	1218	1223	138	-22	-13	5	13	0	0	0	0	0	19690	Seattle,WA	Kahului,HI
3238012800	4	1439	1450	2232	2236	462	26	34	4	11	0	0	0	0	26	19690	Kahului,HI	San Diego,CA
3237753600	1	522	531	606	612	35	-4	-3	6	9	0	0	0	0	0	19690	Honolulu,HI	Hilo,HI
3237235200	2	622	632	653	658	21	-4	-3	5	10	0	0	0	0	0	19690	Honolulu,HI	Kahului,HI
3238617600	4	622	629	651	655	22	-7	-3	4	7	0	0	0	0	0	19690	Honolulu,HI	Kahului,HI
3238185600	6	801	811	832	836	21	-6	-4	4	10	0	0	0	0	0	19690	Honolulu,HI	Kahului,HI
3237494400	5	1355	1400	1427	1432	27	-10	-7	5	5	0	0	0	0	0	19690	Kona,HI	Honolulu,HI
3238790400	6	1130	1140	1204	1209	24	0	-5	5	10	0	0	0	0	0	19690	Kahului,HI	Honolulu,HI
3239827200	4	1540	1546	1607	1612	21	-10	-5	5	6	0	0	0	0	0	19690	Honolulu,HI	Kahului,HI
3239654400	2	2016	2029	2120	2122	51	-5	-2	2	13	0	0	0	0	0	20398	Los Angeles,CA	Fresno,CA
3238185600	6	1843	1854	1951	1959	57	-3	-4	8	11	0	0	0	0	0	20398	Fresno,CA	Los Angeles,CA
3238704000	5	530	544	616	619	32	-6	-3	3	14	0	0	0	0	0	20398	Santa Barbara,CA	Los Angeles,CA
3237494400	5	1658	1714	2205	2216	171	26	18	11	16	18	0	8	0	0	20398	Los Angeles,CA	Fayetteville,AR
3238963200	1	846	910	1015	1020	65	32	21	5	24	3	0	11	0	18	20398	San Jose,CA	Santa Ana,CA
3239568000	1	1954	2005	2110	2120	65	-5	-5	10	11	0	0	0	0	0	20398	San Jose,CA	San Diego,CA
3238185600	6	1817	1826	1931	1951	65	1	-7	20	9	0	0	0	0	0	20398	San Francisco,CA	Santa Ana,CA
3239395200	6	1428	1431	1524	1534	53	-6	-1	10	3	0	0	0	0	0	20398	Shreveport,LA	Dallas/Ft.Worth,TX
3237321600	3	1902	1909	1939	1946	30	-14	-5	7	7	0	0	0	0	0	20398	Wichita Falls,TX	Dallas/Ft.Worth,TX
3239136000	3	623	628	653	658	25	-20	-5	5	5	0	0	0	0	0	20398	Waco,TX	Dallas/Ft.Worth,TX
3239136000	3	1802	1806	1833	1848	27	-12	-4	15	4	0	0	0	0	0	20398	Wichita Falls,TX	Dallas/Ft.Worth,TX
3237926400	3	855	913	1024	1028	71	4	-5	4	18	0	0	0	0	0	20398	Dallas/Ft.Worth,TX	Monroe,LA
3238963200	1	2015	2035	2109	2110	34	-7	-5	1	20	0	0	0	0	0	20398	Dallas/Ft.Worth,TX	Lawton/Fort Sill,OK
3238012800	4	941	948	1031	1033	43	13	20	2	7	0	0	0	0	0	20398	San Antonio,TX	Dallas,TX
3239395200	6	1027	1035	1122	1131	47	11	19	9	8	0	0	0	0	0	20398	Little Rock,AR	Dallas/Ft.Worth,TX
3237753600	1	1044	1055	1144	1148	49	3	-1	4	11	0	0	0	0	0	20398	Dallas,TX	San Antonio,TX
3237840000	2	1554	1612	1658	1701	46	1	0	3	18	0	0	0	0	0	20398	Dallas/Ft.Worth,TX	Lubbock,TX
3239308800	5	1430	1435	1618	1625	103	18	22	7	5	0	0	0	0	18	20398	Peoria,IL	Dallas/Ft.Worth,TX
3237753600	1	1936	1952	2251	2255	119	36	43	4	16	0	24	0	0	12	20398	Dallas/Ft.Worth,TX	Columbia,SC
3239827200	4	653	708	821	829	133	-11	-3	8	15	0	0	0	0	0	20398	Cleveland,OH	Dallas/Ft.Worth,TX
3239222400	4	551	601	728	739	147	-5	-9	11	10	0	0	0	0	0	20398	Greensboro/High Point,NC	Dallas/Ft.Worth,TX
3238185600	6	735	740	915	923	95	-17	-5	8	5	0	0	0	0	0	20398	Champaign/Urbana,IL	Dallas/Ft.Worth,TX
3237753600	1	34	45	139	141	54	187	194	2	11	0	0	0	0	187	20398	Dallas/Ft.Worth,TX	Springfield,MO
3237753600	1	1834	1841	1944	2028	63	108	84	44	7	21	0	24	0	63	20398	Jackson/Vicksburg,MS	Dallas/Ft.Worth,TX
3237840000	2	1447	1503	1535	1542	32	4	6	7	16	0	0	0	0	0	20398	Dallas/Ft.Worth,TX	Shreveport,LA
3238790400	6	1619	1629	1714	1719	45	-21	-6	5	10	0	0	0	0	0	20398	Little Rock,AR	Dallas/Ft.Worth,TX
3238963200	1	1207	1213	1345	1354	92	-17	-9	9	6	0	0	0	0	0	20398	Des Moines,IA	Dallas/Ft.Worth,TX
3238272000	7	1407	1416	1502	1506	46	-19	-9	4	9	0	0	0	0	0	20398	Houston,TX	Dallas/Ft.Worth,TX
3237667200	7	1743	1934	2028	2046	54	144	21	18	111	0	0	123	0	21	20398	Shreveport,LA	Dallas/Ft.Worth,TX
3239222400	4	1840	1848	1920	1936	32	-6	-5	16	8	0	0	0	0	0	20398	Dallas/Ft.Worth,TX	Shreveport,LA
3239654400	2	654	701	744	749	43	-11	-8	5	7	0	0	0	0	0	20398	Cedar Rapids/Iowa City,IA	Chicago,IL
3237494400	5	1333	1359	1615	1619	136	7	-4	4	26	0	0	0	0	0	20398	Cincinnati,OH	Miami,FL
3238099200	5	1927	1936	2056	2105	80	54	62	9	9	0	3	0	0	51	20398	Little Rock,AR	Chicago,IL
3238272000	7	1011	1019	1034	1040	15	-10	1	6	8	0	0	0	0	0	20398	Milwaukee,WI	Chicago,IL
3238012800	4	2034	2045	2136	2142	51	64	62	6	11	0	0	2	0	62	20398	Nashville,TN	St. Louis,MO
3238704000	5	1228	1253	1340	1347	47	17	2	7	25	0	0	17	0	0	20398	Chicago,IL	Evansville,IN
3238531200	3	1140	1147	1405	1409	78	-19	-1	4	7	0	0	0	0	0	20398	Chicago,IL	Washington,DC
3237494400	5	2132	2141	2321	2346	100	13	0	25	9	0	0	0	0	0	20398	Chicago,IL	Oklahoma City,OK
3239308800	5	543	555	708	716	73	17	0	8	12	0	0	17	0	0	20398	Minneapolis/St. Paul,MN	Chicago,IL
3238012800	4	826	910	1007	1012	117	99	52	5	44	0	0	47	52	0	20398	Washington,DC	Chicago,IL
3238617600	4	954	1008	957	1002	49	-11	-5	5	14	0	0	0	0	0	20398	Columbus,OH	Chicago,IL
3238531200	3	821	838	1017	1022	39	-7	-4	5	17	0	0	0	0	0	20398	Chicago,IL	Dayton,OH
3238444800	2	1605	1612	1631	1637	79	-22	-8	6	7	0	0	0	0	0	20398	Knoxville,TN	Chicago,IL
3237235200	2	1249	1257	1326	1334	29	-12	-7	8	8	0	0	0	0	0	20398	Dubuque,IA	Chicago,IL
3237840000	2	1750	1821	1854	1915	93	28	12	21	31	2	0	16	0	10	20398	Charlotte,NC	Chicago,IL
3238617600	4	1804	1820	1803	1810	43	41	38	7	16	0	0	3	0	38	20398	Toledo,OH	Chicago,IL
3239827200	4	953	1005	1103	1107	58	-17	-2	4	12	0	0	0	0	0	20398	Chicago,IL	Minneapolis/St. Paul,MN
3239740800	3	911	925	1005	1007	40	-7	3	2	14	0	0	0	0	0	20398	Chicago,IL	Rochester,MN
3239222400	4	1655	1724	1756	1758	32	8	0	2	29	0	0	0	0	0	20398	Chicago,IL	Green Bay/Clintonville,WI
3237926400	3	1219	1248	1353	1359	125	9	-4	6	29	0	0	0	0	0	20398	Chicago,IL	Colorado Springs,CO
3239568000	1	725	737	744	749	67	5	-1	5	12	0	0	0	0	0	20398	Cleveland,OH	Chicago,IL
3239568000	1	2150	2202	27	32	85	74	85	5	12	0	0	0	0	74	20398	Chicago,IL	Charlotte,NC
3239481600	7	959	1013	1205	1210	52	0	1	5	14	0	0	0	0	0	20398	Chicago,IL	Louisville,KY
3239308800	5	2000	2021	2021	2049	60	49	31	28	21	0	0	49	0	0	20398	Cleveland,OH	Chicago,IL
3237321600	3	703	712	759	814	107	-5	-1	15	9	0	0	0	0	0	20398	White Plains,NY	Chicago,IL
3237667200	7	1109	1134	1229	1235	115	3	0	6	25	0	0	0	0	0	20398	Miami,FL	Memphis,TN
3237408000	4	818	848	1114	1118	86	24	18	4	30	18	0	6	0	0	20398	Chicago,IL	Charlotte,NC
3238531200	3	1851	1917	2210	2218	113	12	11	8	26	0	0	0	0	0	20398	Chicago,IL	Jacksonville,FL
3239395200	6	1839	1855	2150	2158	115	-8	-1	8	16	0	0	0	0	0	20398	Chicago,IL	Jacksonville,FL
3237840000	2	941	1001	1150	1153	109	1	1	3	20	0	0	0	0	0	20398	Chicago,IL	Pensacola,FL
3239395200	6	1109	1159	1357	1359	118	127	89	2	50	0	89	38	0	0	20398	Chicago,IL	Pensacola,FL
3238099200	5	1438	1448	1614	1623	86	-12	-5	9	10	0	0	0	0	0	20398	Raleigh/Durham,NC	Boston,MA
3239136000	3	1011	1021	1123	1126	62	-18	-4	3	10	0	0	0	0	0	20398	Boston,MA	Baltimore,MD
3238704000	5	615	624	759	805	95	-5	-5	6	9	0	0	0	0	0	20398	Raleigh/Durham,NC	Boston,MA
3237753600	1	630	644	1031	1034	167	12	0	3	14	0	0	0	0	0	20398	Austin,TX	Raleigh/Durham,NC
3238876800	7	1435	1454	1535	1537	41	7	3	2	19	0	0	0	0	0	20398	Raleigh/Durham,NC	Washington,DC
3237321600	3	655	703	822	826	79	-14	-5	4	8	0	0	0	0	0	20398	Raleigh/Durham,NC	Hartford,CT
3238531200	3	1327	1339	1447	1458	68	-10	-3	11	12	0	0	0	0	0	20398	Raleigh/Durham,NC	New York,NY
3239654400	2	2220	2252	2356	2359	64	87	80	3	32	80	0	7	0	0	20398	New York,NY	Raleigh/Durham,NC
3238272000	7	1755	1812	1917	1923	125	-32	-4	6	17	0	0	0	0	0	20398	New York,NY	St. Louis,MO
3239136000	3	1355	1407	1506	1517	59	-8	-5	11	12	0	0	0	0	0	20398	Washington,DC	Boston,MA
3239308800	5	650	702	742	745	40	-27	-10	3	12	0	0	0	0	0	20398	New York,NY	Washington,DC
3239481600	7	1026	1044	1147	1200	63	5	-4	13	18	0	0	0	0	0	20398	Pittsburgh,PA	New York,NY
3239654400	2	1135	1204	1326	1332	82	7	-5	6	29	0	0	0	0	0	20398	New York,NY	Columbus,OH
3237753600	1	1302	1321	1418	1424	57	-7	2	6	19	0	0	0	0	0	20398	New York,NY	Pittsburgh,PA
3239827200	4	1344	1403	1503	1508	60	37	44	5	19	0	0	0	0	37	20398	New York,NY	Pittsburgh,PA
3238012800	4	2104	2135	544	549	309	-2	-16	5	31	0	0	0	0	0	19386	Kona,HI	Seattle,WA
3239481600	7	1122	1131	1559	1607	148	-35	-13	8	9	0	0	0	0	0	19386	Phoenix,AZ	Minneapolis/St. Paul,MN
3239308800	5	1513	1524	1613	1621	49	11	20	8	11	0	0	0	0	0	19386	Milwaukee,WI	Minneapolis/St. Paul,MN
3238012800	4	1403	1435	1541	1557	66	89	63	16	32	0	0	26	0	63	19386	Chicago,IL	Minneapolis/St. Paul,MN
3238272000	7	905	919	1404	1417	165	9	10	13	14	0	0	0	0	0	19386	Seattle,WA	Minneapolis/St. Paul,MN
3237667200	7	1251	1316	1836	1842	200	1	1	6	25	0	0	0	0	0	19386	Los Angeles,CA	Memphis,TN
3237840000	2	1727	1749	1908	1911	199	8	7	3	22	0	0	0	0	0	19386	Minneapolis/St. Paul,MN	San Diego,CA
3239308800	5	2205	2231	556	559	265	-14	-10	3	26	0	0	0	0	0	19386	Honolulu,HI	San Francisco,CA
3237494400	5	2127	2151	2255	2304	64	5	-1	9	24	0	0	0	0	0	19386	Detroit,MI	Baltimore,MD
3238099200	5	2228	2242	2340	2356	58	57	60	16	14	47	0	0	0	10	19386	Detroit,MI	Baltimore,MD
3237408000	4	2247	2311	2357	3	46	46	33	6	24	0	0	13	0	33	19386	Minneapolis/St. Paul,MN	Milwaukee,WI
3237667200	7	1803	1829	2009	2019	100	5	3	10	26	0	0	0	0	0	19386	Boston,MA	Detroit,MI
3238790400	6	1525	1553	1543	1548	50	13	-1	5	28	0	0	0	0	0	19386	Detroit,MI	Milwaukee,WI
3238617600	4	1126	1137	1407	1412	90	-8	6	5	11	0	0	0	0	0	19386	Billings,MT	Minneapolis/St. Paul,MN
3239568000	1	1918	1938	2049	2058	71	-7	-1	9	20	0	0	0	0	0	19386	Detroit,MI	New York,NY
3237926400	3	748	811	1151	1159	160	18	17	8	23	17	0	1	0	0	19386	Minneapolis/St. Paul,MN	Orlando,FL
3237235200	2	928	1000	1027	1034	87	14	-2	7	32	0	0	0	0	0	19386	Indianapolis,IN	Minneapolis/St. Paul,MN
3238790400	6	1347	1406	1520	1528	74	-6	-3	8	19	0	0	0	0	0	19386	Detroit,MI	Newark,NJ
3237753600	1	1035	1045	1335	1339	110	-6	10	4	10	0	0	0	0	0	19386	Minneapolis/St. Paul,MN	Washington,DC
3239222400	4	2224	2246	20	24	154	91	78	4	22	34	14	13	0	30	19386	Minneapolis/St. Paul,MN	Salt Lake City,UT
3237408000	4	835	849	955	1003	126	-34	-7	8	14	0	0	0	0	0	19386	Washington,DC	Minneapolis/St. Paul,MN
3239222400	4	839	903	939	946	96	10	-6	7	24	0	0	0	0	0	19386	Detroit,MI	Minneapolis/St. Paul,MN
3238012800	4	2017	2031	2331	2346	120	76	87	15	14	0	76	0	0	0	19386	Minneapolis/St. Paul,MN	New York,NY
3239049600	2	1537	1556	1859	1906	123	-22	2	7	19	0	0	0	0	0	19386	Minneapolis/St. Paul,MN	Boston,MA
3237494400	5	844	902	1542	1601	220	-7	-6	19	18	0	0	0	0	0	19386	Portland,OR	Detroit,MI
3237408000	4	1629	1653	1848	1900	115	8	-1	12	24	0	0	0	0	0	19386	Indianapolis,IN	Orlando,FL
3239049600	2	858	907	1016	1022	69	-4	-2	6	9	0	0	0	0	0	19386	Minneapolis/St. Paul,MN	Minot,ND
3239481600	7	2253	2304	2338	2343	34	30	33	5	11	7	0	0	0	23	19386	Minneapolis/St. Paul,MN	Madison,WI
3237840000	2	720	735	929	941	234	9	0	12	15	0	0	0	0	0	19386	Milwaukee,WI	Los Angeles,CA
3238531200	3	1205	1221	1306	1315	45	1	-1	9	16	0	0	0	0	0	19386	Detroit,MI	Indianapolis,IN
3239740800	3	1627	1643	1747	1751	64	39	45	4	16	39	0	0	0	0	19386	Detroit,MI	Baltimore,MD
3239481600	7	1400	1415	1651	1709	96	2	-10	18	15	0	0	0	0	0	19386	Billings,MT	Minneapolis/St. Paul,MN
3239568000	1	819	829	1106	1109	97	1082	1089	3	10	1082	0	0	0	0	19386	Billings,MT	Minneapolis/St. Paul,MN
3239395200	6	1335	1344	1443	1446	59	-8	-5	3	9	0	0	0	0	0	19386	Memphis,TN	New Orleans,LA
3238012800	4	911	921	1050	1059	89	-8	1	9	10	0	0	0	0	0	19386	Manchester,NH	Detroit,MI
3239395200	6	1119	1131	1548	1554	137	-17	-6	6	12	0	0	0	0	0	19386	Denver,CO	Detroit,MI
3238185600	6	619	631	902	929	91	-2	-11	27	12	0	0	0	0	0	19386	Colorado Springs,CO	Minneapolis/St. Paul,MN
3237235200	2	1854	1933	2305	2310	152	68	29	5	39	0	29	39	0	0	19386	Memphis,TN	Newark,NJ
3238963200	1	628	647	756	808	69	4	-4	12	19	0	0	0	0	0	19386	Washington,DC	Detroit,MI
3239568000	1	1706	1724	1749	1757	25	-3	-2	8	18	0	0	0	0	0	19386	Detroit,MI	Cleveland,OH
3237926400	3	1336	1346	1517	1521	91	-8	-4	4	10	0	0	0	0	0	19386	Detroit,MI	Portland,ME
3239827200	4	1516	1533	1604	1612	31	-5	-12	8	17	0	0	0	0	0	19386	Saginaw/Bay City/Midland,MI	Detroit,MI
3237580800	6	1359	1410	1717	1728	127	3	4	11	11	0	0	0	0	0	19386	Missoula,MT	Minneapolis/St. Paul,MN
3238358400	1	1309	1350	1427	1432	37	24	-3	5	41	0	0	24	0	0	19386	Minneapolis/St. Paul,MN	Madison,WI
3237667200	7	1007	1018	1119	1125	61	-11	-3	6	11	0	0	0	0	0	19386	Minneapolis/St. Paul,MN	Kansas City,MO
3237667200	7	2113	2129	2243	2251	74	0	-3	8	16	0	0	0	0	0	19386	Detroit,MI	Charlotte,NC
3238963200	1	709	729	841	847	72	-13	-13	6	20	0	0	0	0	0	19386	Indianapolis,IN	Washington,DC
3237753600	1	1841	1850	1927	1931	37	-7	0	4	9	0	0	0	0	0	19386	Minneapolis/St. Paul,MN	Fargo,ND
3238358400	1	1515	1528	1611	1619	103	5	-1	8	13	0	0	0	0	0	19386	Detroit,MI	Kansas City,MO
3239308800	5	1604	1630	1750	1759	80	-6	-5	9	26	0	0	0	0	0	19386	Philadelphia,PA	Detroit,MI
3238790400	6	612	620	733	739	73	1	-8	6	8	0	0	0	0	0	19386	New Orleans,LA	Memphis,TN
3237235200	2	1005	1015	1139	1143	84	-6	0	4	10	0	0	0	0	0	20417	Scranton/Wilkes-Barre,PA	Cincinnati,OH
3237235200	2	1755	1805	1857	1905	52	-9	-10	8	10	0	0	0	0	0	20417	Lansing,MI	Cincinnati,OH
3237321600	3	1755	1807	1926	1933	79	-31	-5	7	12	0	0	0	0	0	20417	New York,NY	Charlotte,NC
3237321600	3	1800	1821	1959	2009	98	40	30	10	21	0	0	40	0	0	20417	Charlotte,NC	New York,NY
3237321600	3	1810	1859	1957	2023	58	34	-5	26	49	0	0	34	0	0	20417	Norfolk,VA	New York,NY
3237408000	4	825	846	940	945	54	-3	0	5	21	0	0	0	0	0	20417	Atlanta,GA	Louisville,KY
3237408000	4	920	1002	1041	1046	39	6	0	5	42	0	0	0	0	0	20417	New York,NY	Boston,MA
3237408000	4	2045	2103	2135	2137	32	0	0	2	18	0	0	0	0	0	20417	Cincinnati,OH	Charleston/Dunbar,WV
3237494400	5	1455	1518	1550	1555	32	1	0	5	23	0	0	0	0	0	20417	Cincinnati,OH	Akron/Canton,OH
3237494400	5	2235	2245	2358	2400	73	62	59	2	10	0	0	3	0	59	20417	Washington,DC	Lexington,KY
3237580800	6	830	842	1035	1040	113	15	30	5	12	15	0	0	0	0	20417	Cincinnati,OH	Ft. Myers,FL
3237667200	7	940	958	1117	1125	79	-2	0	8	18	0	0	0	0	0	20417	Detroit,MI	New York,NY
3237667200	7	1459	1519	1650	1700	91	17	-1	10	20	0	0	17	0	0	20417	Cincinnati,OH	Philadelphia,PA
3237753600	1	653	704	850	858	106	14	3	8	11	0	0	0	0	0	20417	Raleigh/Durham,NC	Boston,MA
3237753600	1	1044	1053	1126	1131	93	-8	-1	5	9	0	0	0	0	0	20417	Cincinnati,OH	Omaha,NE
3237840000	2	1015	1025	1141	1142	76	-4	0	1	10	0	0	0	0	0	20417	Richmond,VA	Cincinnati,OH
3237926400	3	1434	1452	1609	1612	77	4	-1	3	18	0	0	0	0	0	20417	Cincinnati,OH	Charleston,SC
3238012800	4	630	645	821	830	96	0	-5	9	15	0	0	0	0	0	20417	Greensboro/High Point,NC	Boston,MA
3238012800	4	1126	1136	1507	1508	151	-8	-4	1	10	0	0	0	0	0	20417	San Antonio,TX	Cincinnati,OH
3238012800	4	1215	1251	1514	1518	143	13	30	4	36	0	0	0	0	0	20417	New York,NY	Ft. Myers,FL
3238012800	4	1706	1717	1840	1843	83	79	76	3	11	0	0	79	0	0	20417	Raleigh/Durham,NC	Cincinnati,OH
3238099200	5	700	717	706	711	49	-4	0	5	17	0	0	0	0	0	20417	Cincinnati,OH	Chicago,IL
3238099200	5	735	745	1040	1100	115	2	-10	20	10	0	0	0	0	0	20417	Omaha,NE	Atlanta,GA
3238099200	5	955	1013	1202	1207	109	-11	0	5	18	0	0	0	0	0	20417	Atlanta,GA	Albany,NY
3238099200	5	1555	1619	1800	1803	101	188	176	3	24	176	0	12	0	0	20417	Boston,MA	Raleigh/Durham,NC
3238185600	6	1205	1217	1352	1402	95	46	45	10	12	45	0	1	0	0	20417	Raleigh/Durham,NC	Boston,MA
3238358400	1	655	708	807	813	59	-5	0	6	13	0	0	0	0	0	20417	Lexington,KY	Washington,DC
3238531200	3	1444	1505	1718	1725	133	2	14	7	21	0	0	0	0	0	20417	Boston,MA	Jacksonville,FL
3238531200	3	1849	1916	1939	1944	23	8	-1	5	27	0	0	0	0	0	20417	Cincinnati,OH	Ashland,WV
3238617600	4	1545	1555	1706	1708	71	-16	-5	2	10	0	0	0	0	0	20417	Raleigh/Durham,NC	Cincinnati,OH
3238617600	4	1919	1945	2112	2116	87	-18	-10	4	26	0	0	0	0	0	20417	New York,NY	Greenville/Spartanburg,SC
3238704000	5	700	715	804	815	49	30	30	11	15	30	0	0	0	0	20417	Burlington,VT	New York,NY
3238876800	7	1255	1308	1335	1343	147	5	0	8	13	0	0	0	0	0	20417	Cincinnati,OH	Colorado Springs,CO
3238876800	7	1437	1447	1659	1701	72	-23	-8	2	10	0	0	0	0	0	20417	Des Moines,IA	Cincinnati,OH
3238963200	1	1300	1312	1420	1425	68	-6	0	5	12	0	0	0	0	0	20417	Boston,MA	Washington,DC
3238963200	1	1845	1914	2040	2045	86	6	0	5	29	0	0	0	0	0	20417	Cincinnati,OH	Jacksonville,FL
3239049600	2	1215	1231	1319	1322	48	-8	0	3	16	0	0	0	0	0	20417	Grand Rapids,MI	Cincinnati,OH
3239136000	3	628	638	951	952	133	-8	-2	1	10	0	0	0	0	0	20417	Austin,TX	Cincinnati,OH
3239136000	3	820	853	1040	1048	107	24	0	8	33	0	0	24	0	0	20417	New York,NY	Charlotte,NC
3239222400	4	1400	1417	1536	1537	79	4	0	1	17	0	0	0	0	0	20417	Washington,DC	Cincinnati,OH
3239222400	4	1718	1729	1839	1913	70	33	33	34	11	33	0	0	0	0	20417	Raleigh/Durham,NC	New York,NY
3239308800	5	820	831	1026	1028	115	-20	0	2	11	0	0	0	0	0	20417	Cincinnati,OH	West Palm Beach/Palm Beach,FL
3239308800	5	1738	1805	1917	1921	72	0	0	4	27	0	0	0	0	0	20417	Atlanta,GA	Newport News/Williamsburg,VA
3239395200	6	1005	1010	1131	1134	81	-2	0	3	5	0	0	0	0	0	20417	Washington,DC	Cincinnati,OH
3239481600	7	1010	1024	1048	1052	84	16	10	4	14	10	0	6	0	0	20417	Cincinnati,OH	Des Moines,IA
3239481600	7	1055	1115	1216	1227	61	-3	-5	11	20	0	0	0	0	0	20417	Washington,DC	Boston,MA
3239568000	1	1705	1715	1753	1758	38	-2	5	5	10	0	0	0	0	0	20417	Cincinnati,OH	Knoxville,TN
3239740800	3	1200	1219	1340	1348	81	-2	-6	8	19	0	0	0	0	0	20417	Greensboro/High Point,NC	New York,NY
3239740800	3	1300	1316	1513	1515	57	-15	-9	2	16	0	0	0	0	0	20417	St. Louis,MO	Cincinnati,OH
3239740800	3	1807	1819	1932	1938	133	-12	-3	6	12	0	0	0	0	0	20417	Cincinnati,OH	Austin,TX
3239827200	4	630	647	748	800	61	-5	0	12	17	0	0	0	0	0	20417	Pittsburgh,PA	New York,NY
3237235200	2	1532	1556	1635	1637	39	50	47	2	24	0	0	0	0	50	20304	Chicago,IL	Wausau/Marshfield,WI
3237321600	3	1655	1702	1750	1755	48	-9	-5	5	7	0	0	0	0	0	20304	Boise,ID	Salt Lake City,UT
3237321600	3	646	659	725	737	86	-1	-9	12	13	0	0	0	0	0	20304	St. George,UT	Los Angeles,CA
3237408000	4	1120	1145	1206	1211	81	0	-3	5	25	0	0	0	0	0	20304	Salt Lake City,UT	Medford,OR
3237494400	5	1921	1936	2004	2007	88	12	17	3	15	0	0	0	0	0	20304	Salt Lake City,UT	Los Angeles,CA
3237580800	6	602	609	558	602	49	-12	2	4	7	0	0	0	0	0	20304	Dayton,OH	Chicago,IL
3237580800	6	1024	1041	1200	1204	79	6	9	4	17	0	0	0	0	0	20304	Denver,CO	El Paso,TX
3237580800	6	1009	1032	1158	1205	146	2	4	7	23	0	0	0	0	0	20304	Chicago,IL	Albuquerque,NM
3237667200	7	744	804	817	821	13	1	-1	4	20	0	0	0	0	0	20304	Santa Ana,CA	Los Angeles,CA
3237667200	7	630	641	715	735	94	-2	-4	20	11	0	0	0	0	0	20304	Albuquerque,NM	Los Angeles,CA
3237667200	7	1004	1025	1318	1323	113	1	-1	5	21	0	0	0	0	0	20304	Denver,CO	Milwaukee,WI
3237667200	7	1346	1359	1556	1600	57	18	18	4	13	0	0	0	0	18	20304	Denver,CO	Lincoln,NE
3237753600	1	1213	1234	1308	1313	94	15	5	5	21	0	0	0	15	0	20304	Salt Lake City,UT	Long Beach,CA
3237753600	1	557	608	640	646	32	-9	-3	6	11	0	0	0	0	0	20304	Green Bay/Clintonville,WI	Chicago,IL
3237753600	1	836	859	1108	1112	129	4	6	4	23	0	0	0	0	0	20304	Chicago,IL	Austin,TX
3237840000	2	634	643	902	907	79	-8	-6	5	9	0	0	0	0	0	20304	Indio/Palm Springs,CA	Salt Lake City,UT
3237926400	3	1920	1932	1948	1950	16	17	20	2	12	17	0	0	0	0	20304	Santa Ana,CA	Los Angeles,CA
3238012800	4	1659	1713	1740	1747	87	17	12	7	14	17	0	0	0	0	20304	St. George,UT	Los Angeles,CA
3238012800	4	953	1014	1037	1040	23	4	-2	3	21	0	0	0	0	0	20304	San Francisco,CA	Sacramento,CA
3238012800	4	1132	1145	1244	1254	59	46	42	10	13	46	0	0	0	0	20304	Santa Ana,CA	San Francisco,CA
3238099200	5	1331	1344	1422	1428	38	3	-3	6	13	0	0	0	0	0	20304	Pocatello,ID	Salt Lake City,UT
3238099200	5	600	608	551	559	43	-15	0	8	8	0	0	0	0	0	20304	Dayton,OH	Chicago,IL
3238099200	5	1948	1955	2031	2038	36	8	7	7	7	0	0	0	0	0	20304	Fresno,CA	San Francisco,CA
3238099200	5	1929	1936	2003	2009	87	-4	-6	6	7	0	0	0	0	0	20304	Boise,ID	San Francisco,CA
3238099200	5	2213	2235	2254	2258	19	-2	-7	4	22	0	0	0	0	0	20304	San Francisco,CA	Sacramento,CA
3238099200	5	1002	1013	1103	1108	50	-12	-10	5	11	0	0	0	0	0	20304	Rapid City,SD	Denver,CO
3238185600	6	1820	1833	2019	2027	46	29	40	8	13	29	0	0	0	0	20304	Chicago,IL	Detroit,MI
3238185600	6	849	906	931	932	25	0	-2	1	17	0	0	0	0	0	20304	San Francisco,CA	Monterey,CA
3238185600	6	1021	1054	1110	1115	76	1	-8	5	33	0	0	0	0	0	20304	Knoxville,TN	Chicago,IL
3238272000	7	1303	1313	1527	1531	74	-11	-7	4	10	0	0	0	0	0	20304	Indio/Palm Springs,CA	Salt Lake City,UT
3238272000	7	616	640	908	915	88	14	1	7	24	0	0	0	0	0	20304	Eugene,OR	Salt Lake City,UT
3238272000	7	2121	2137	2214	2218	37	2	-1	4	16	0	0	0	0	0	20304	Los Angeles,CA	Fresno,CA
3238358400	1	1408	1416	1526	1537	130	-9	-11	11	8	0	0	0	0	0	20304	Omaha,NE	Salt Lake City,UT
3238358400	1	654	709	737	744	88	6	-1	7	15	0	0	0	0	0	20304	St. George,UT	Los Angeles,CA
3238531200	3	1817	1825	1855	1902	30	-3	-3	7	8	0	0	0	0	0	20304	Milwaukee,WI	Chicago,IL
3238531200	3	1836	1845	1849	1857	64	-3	4	8	9	0	0	0	0	0	20304	Cleveland,OH	Chicago,IL
3238617600	4	1205	1215	1247	1249	32	-8	-3	2	10	0	0	0	0	0	20304	Los Angeles,CA	San Diego,CA
3238617600	4	1256	1310	1329	1334	19	4	2	5	14	0	0	0	0	0	20304	Los Angeles,CA	Ontario/San Bernardino,CA
3238617600	4	1016	1025	1135	1141	70	-6	-5	6	9	0	0	0	0	0	20304	Billings,MT	Denver,CO
3238704000	5	731	740	757	805	17	-5	-4	8	9	0	0	0	0	0	20304	Santa Ana,CA	Los Angeles,CA
3238790400	6	1021	1050	1331	1336	101	-2	-2	5	29	0	0	0	0	0	20304	Salt Lake City,UT	Fargo,ND
3238790400	6	1310	1323	1554	1558	91	-19	-5	4	13	0	0	0	0	0	20304	Los Angeles,CA	Albuquerque,NM
3238876800	7	1159	1206	1232	1234	26	-16	-7	2	7	0	0	0	0	0	20304	Indio/Palm Springs,CA	Los Angeles,CA
3238876800	7	1611	1627	1725	1729	58	116	122	4	16	0	0	0	0	116	20304	Los Angeles,CA	Phoenix,AZ
3238876800	7	1812	1830	1931	1934	61	-3	-4	3	18	0	0	0	0	0	20304	Los Angeles,CA	Sacramento,CA
3238876800	7	702	712	843	851	91	-14	-2	8	10	0	0	0	0	0	20304	Birmingham,AL	Chicago,IL
3239049600	2	813	833	913	917	100	5	7	4	20	0	0	0	0	0	20304	Salt Lake City,UT	Seattle,WA
3239049600	2	1003	1018	1318	1323	120	8	1	5	15	0	0	0	0	0	20304	Denver,CO	Memphis,TN
3239049600	2	1912	1920	1954	2003	34	-17	-11	9	8	0	0	0	0	0	20304	Appleton,WI	Chicago,IL
3239136000	3	1049	1101	1239	1242	38	-12	-6	3	12	0	0	0	0	0	20304	Chicago,IL	Traverse City,MI
3239136000	3	2014	2057	2202	2207	65	16	-1	5	43	16	0	0	0	0	20304	Chicago,IL	Springfield,MO
3239222400	4	1418	1432	1459	1502	27	5	-2	3	14	0	0	0	0	0	20304	Eugene,OR	Portland,OR
3239222400	4	536	545	639	644	54	-4	-4	5	9	0	0	0	0	0	20304	Redding,CA	San Francisco,CA
3239222400	4	1848	1917	2133	2139	76	27	28	6	29	0	0	0	0	27	20304	Chicago,IL	Roanoke,VA
3239308800	5	1919	1930	2057	2105	87	55	44	8	11	0	55	0	0	0	20304	Casper,WY	Salt Lake City,UT
3239308800	5	1306	1321	1321	1328	60	8	5	7	15	0	0	0	0	0	20304	Salt Lake City,UT	Las Vegas,NV
3239308800	5	1234	1239	1322	1327	43	-13	-5	5	5	0	0	0	0	0	20304	Montrose/Delta,CO	Denver,CO
3239395200	6	1727	1736	2004	2009	88	9	17	5	9	0	0	0	0	0	20304	Long Beach,CA	Salt Lake City,UT
3239481600	7	1720	1725	1757	1800	32	-18	-5	3	5	0	0	0	0	0	20304	Pocatello,ID	Salt Lake City,UT
3239481600	7	1614	1624	1732	1734	68	60	59	2	10	60	0	0	0	0	20304	San Francisco,CA	Santa Barbara,CA
3239481600	7	1236	1247	1322	1331	95	-8	-10	9	11	0	0	0	0	0	20304	Fargo,ND	Denver,CO
3239481600	7	1002	1016	1308	1313	112	-3	-1	5	14	0	0	0	0	0	20304	Denver,CO	Memphis,TN
3239568000	1	1343	1354	1653	1659	119	25	32	6	11	25	0	0	0	0	20304	Salt Lake City,UT	Tulsa,OK
3239568000	1	1439	1450	1557	1604	67	-6	-6	7	11	0	0	0	0	0	20304	Rapid City,SD	Denver,CO
3239568000	1	1833	1846	1939	1943	53	-6	-2	4	13	0	0	0	0	0	20304	Los Angeles,CA	Oakland,CA
3239654400	2	1554	1601	1651	1658	50	-9	-5	7	7	0	0	0	0	0	20304	Casper,WY	Denver,CO
3239740800	3	1500	1510	1551	1555	41	-1	0	4	10	0	0	0	0	0	20304	Salt Lake City,UT	Twin Falls,ID
3239740800	3	2042	2047	2149	2156	62	-19	-6	7	5	0	0	0	0	0	20304	Monterey,CA	Los Angeles,CA
3239740800	3	620	630	717	724	107	-21	-4	7	10	0	0	0	0	0	20304	Madison,WI	Denver,CO
3239827200	4	1904	1927	2031	2037	64	91	84	6	23	0	0	0	0	91	20304	Denver,CO	Salt Lake City,UT
3239827200	4	1323	1335	1331	1346	56	-13	-5	15	12	0	0	0	0	0	20304	Lexington,KY	Chicago,IL
3239827200	4	1342	1352	1641	1650	109	-13	-3	9	10	0	0	0	0	0	20304	Rapid City,SD	Chicago,IL
3238358400	1	1519	1530	1824	1835	354	6	9	11	11	0	0	0	0	0	20312	Phoenix,AZ	Kahului,HI
3239654400	2	942	957	1156	1159	299	-6	-8	3	15	0	0	0	0	0	20312	Oakland,CA	Kahului,HI
3237321600	3	1118	1134	1938	1941	304	-14	-7	3	16	0	0	0	0	0	19977	Los Angeles,CA	New York,NY
3239740800	3	2036	2045	448	452	303	-3	-4	4	9	0	0	0	0	0	19977	Lihue,HI	Los Angeles,CA
3239654400	2	2315	2329	500	507	211	1	0	7	14	0	0	0	0	0	19977	Los Angeles,CA	Chicago,IL
3238876800	7	619	632	1206	1214	214	-12	-1	8	13	0	0	0	0	0	19977	San Francisco,CA	Chicago,IL
3239481600	7	1621	1657	1839	1847	222	7	-4	8	36	0	0	0	0	0	19977	Philadelphia,PA	Denver,CO
3238790400	6	2242	2300	423	429	203	-12	-3	6	18	0	0	0	0	0	19977	San Francisco,CA	Chicago,IL
3238272000	7	1944	1958	2133	2137	95	-8	-1	4	14	0	0	0	0	0	19977	Seattle,WA	San Francisco,CA
3239481600	7	834	902	1655	1711	293	1	-9	16	28	0	0	0	0	0	19977	San Francisco,CA	Philadelphia,PA
3237753600	1	1904	1923	2201	2205	98	-23	-11	4	19	0	0	0	0	0	19977	Chicago,IL	Hartford,CT
3238358400	1	2220	2236	554	600	258	-20	0	6	16	0	0	0	0	0	19977	San Francisco,CA	Washington,DC
3238790400	6	1552	1610	2055	2100	165	19	17	5	18	0	0	6	0	13	19977	Denver,CO	Charlotte,NC
3238963200	1	2318	2329	637	644	248	-26	-7	7	11	0	0	0	0	0	19977	Seattle,WA	Washington,DC
3237753600	1	2209	2221	2259	2305	98	140	149	6	12	0	0	0	0	140	19977	Baltimore,MD	Chicago,IL
3238617600	4	1701	1713	1831	1833	138	-8	-3	2	12	0	0	0	0	0	19977	Denver,CO	Portland,OR
3239481600	7	1032	1044	1121	1126	37	-4	-5	5	12	0	0	0	0	0	19977	San Francisco,CA	Reno,NV
3238531200	3	653	705	800	804	55	-21	-7	4	12	0	0	0	0	0	19977	Jackson,WY	Denver,CO
3238444800	2	1059	1109	1332	1340	83	-4	-1	8	10	0	0	0	0	0	19977	Chicago,IL	Washington,DC
3239049600	2	1712	1720	1652	1711	32	51	51	19	8	51	0	0	0	0	19977	Grand Rapids,MI	Chicago,IL
3238099200	5	656	708	1020	1031	132	-3	-4	11	12	0	0	0	0	0	19977	Seattle,WA	Denver,CO
3239049600	2	1638	1702	1731	1735	89	7	20	4	24	0	0	0	0	0	19977	Charlotte,NC	Chicago,IL
3239740800	3	1705	1717	1825	1829	128	-7	0	4	12	0	0	0	0	0	19977	Denver,CO	Oakland,CA
3239568000	1	1251	1322	1617	1625	115	9	-4	8	31	0	0	0	0	0	19977	Chicago,IL	Boston,MA
3238444800	2	1044	1056	1204	1209	68	-12	-7	5	12	0	0	0	0	0	19977	San Diego,CA	San Francisco,CA
3237321600	3	1838	1846	2010	2021	144	34	41	11	8	0	0	0	0	34	19977	New Orleans,LA	Denver,CO
3238617600	4	1758	1805	1922	1927	137	-23	-2	5	7	0	0	0	0	0	19977	New Orleans,LA	Denver,CO
3237667200	7	1040	1103	1635	1640	212	36	25	5	23	25	0	11	0	0	19977	Denver,CO	Boston,MA
3239654400	2	1818	1833	1933	1943	60	23	28	10	15	0	0	0	0	23	19977	San Francisco,CA	Santa Ana,CA
3237235200	2	2147	2157	2248	2253	111	30	44	5	10	30	0	0	0	0	19977	Denver,CO	Santa Ana,CA
3237667200	7	2058	2111	2210	2243	119	20	-5	33	13	0	0	20	0	0	19977	Denver,CO	Santa Ana,CA
3238790400	6	552	603	632	640	89	-13	-8	8	11	0	0	0	0	0	19977	Washington,DC	Chicago,IL
3237494400	5	857	907	1129	1131	82	-16	-3	2	10	0	0	0	0	0	19977	Chicago,IL	Washington,DC
3238444800	2	1633	1642	1900	1903	78	4	28	3	9	0	0	0	0	0	19977	Chicago,IL	Washington,DC
3239481600	7	1640	1650	1726	1734	96	-21	-5	8	10	0	0	0	0	0	19977	Washington,DC	Chicago,IL
3239740800	3	1442	1501	1804	1813	123	3	-3	9	19	0	0	0	0	0	19977	Denver,CO	Chicago,IL
3239308800	5	855	910	1019	1021	69	12	15	2	15	0	0	0	0	0	19977	San Francisco,CA	San Diego,CA
3239568000	1	913	934	1009	1013	95	44	41	4	21	41	0	3	0	0	19977	Dallas/Ft.Worth,TX	Denver,CO
3239136000	3	557	614	845	852	91	-11	-3	7	17	0	0	0	0	0	19977	Chicago,IL	New York,NY
3239740800	3	1216	1252	1400	1408	128	50	21	8	36	21	0	29	0	0	19977	New York,NY	Chicago,IL
3238617600	4	1423	1445	1741	1748	116	7	8	7	22	0	0	0	0	0	19977	San Francisco,CA	Denver,CO
3239136000	3	723	731	738	747	67	-6	-5	9	8	0	0	0	0	0	19977	Wichita,KS	Denver,CO
3239222400	4	1839	1850	1953	1956	63	53	57	3	11	0	0	0	0	53	19977	San Diego,CA	San Francisco,CA
3237667200	7	1745	1759	1920	1925	141	2	7	5	14	0	0	0	0	0	19977	Chicago,IL	Eagle,CO
3238358400	1	1828	1840	2137	2145	117	-15	-10	8	12	0	0	0	0	0	19977	San Jose,CA	Denver,CO
3238012800	4	1338	1407	2135	2139	268	50	53	4	29	7	0	0	0	43	19977	San Francisco,CA	Washington,DC
3238272000	7	1202	1211	1226	1234	75	-1	-3	8	9	0	0	0	0	0	19977	Omaha,NE	Denver,CO
3239136000	3	1250	1302	1320	1328	78	48	40	8	12	0	0	8	0	40	19977	Omaha,NE	Denver,CO
3239827200	4	1008	1019	1145	1154	206	-6	-6	9	11	0	0	0	0	0	19977	Baltimore,MD	Denver,CO
3237667200	7	1015	1035	1609	1611	214	-7	6	2	20	0	0	0	0	0	19977	San Francisco,CA	Chicago,IL
3237408000	4	1242	1256	1452	1454	236	31	27	2	14	27	0	4	0	0	19977	Chicago,IL	Portland,OR
3238272000	7	1307	1326	1458	1503	92	16	19	5	19	0	0	0	0	16	19977	San Francisco,CA	Seattle,WA
3238272000	7	1817	1843	1935	1938	112	35	43	3	26	0	0	0	0	35	19977	Hartford,CT	Chicago,IL
3238531200	3	1406	1416	1508	1517	112	5	8	9	10	0	0	0	0	0	19977	St. Louis,MO	Denver,CO
3238617600	4	1942	1956	2145	2152	109	77	91	7	14	0	0	0	0	77	19977	Dallas/Ft.Worth,TX	Chicago,IL
3238444800	2	657	711	1000	1006	109	-14	-3	6	14	0	0	0	0	0	19977	Los Angeles,CA	Denver,CO
3238963200	1	1028	1043	1056	1058	73	-21	-12	2	15	0	0	0	0	0	19977	Buffalo,NY	Chicago,IL
3239395200	6	801	812	929	934	197	-11	-6	5	11	0	0	0	0	0	19977	Dallas/Ft.Worth,TX	San Francisco,CA
3238531200	3	1031	1048	1628	1633	220	2	-7	5	17	0	0	0	0	0	19977	Denver,CO	Fort Lauderdale,FL
3237408000	4	2113	2134	2244	2248	190	48	53	4	21	9	0	0	0	39	19977	Chicago,IL	Phoenix,AZ
3238099200	5	1922	1942	2015	2024	93	0	-8	9	20	0	0	0	0	0	19977	Denver,CO	Las Vegas,NV
3239740800	3	1839	1856	2002	2007	66	87	89	5	17	0	0	1	0	86	19977	Las Vegas,NV	San Francisco,CA
3239568000	1	1830	1858	2004	2010	66	1	-9	6	28	0	0	0	0	0	19977	Las Vegas,NV	San Francisco,CA
3239308800	5	1932	1944	2039	2044	115	-5	-3	5	12	0	0	0	0	0	19977	Denver,CO	Reno,NV
3237580800	6	1923	1935	2018	2021	43	-14	-5	3	12	0	0	0	0	0	19977	Las Vegas,NV	Los Angeles,CA
3239222400	4	1528	1654	1844	1847	170	49	-9	3	86	0	0	49	0	0	19977	Miami,FL	Chicago,IL
3239395200	6	1807	1822	1937	1944	135	-25	-8	7	15	0	0	0	0	0	19977	Orlando,FL	Chicago,IL
3237926400	3	2327	2341	641	703	240	6	-3	22	14	0	0	0	0	0	19977	Las Vegas,NV	Washington,DC
3239395200	6	558	614	802	806	108	2	-2	4	16	0	0	0	0	0	19977	Orlando,FL	Washington,DC
3238185600	6	1810	1822	2152	2156	150	-9	0	4	12	0	0	0	0	0	19977	Chicago,IL	West Palm Beach/Palm Beach,FL
3237235200	2	1736	1747	1759	1805	192	-20	-3	6	11	0	0	0	0	0	20355	Indianapolis,IN	Phoenix,AZ
3237321600	3	1658	1715	1823	1828	248	-8	-1	5	17	0	0	0	0	0	20355	Washington,DC	Phoenix,AZ
3237321600	3	845	904	1614	1618	250	3	0	4	19	0	0	0	0	0	20355	Phoenix,AZ	Fort Lauderdale,FL
3237321600	3	854	913	1036	1048	83	-4	-6	12	19	0	0	0	0	0	20355	San Jose,CA	Phoenix,AZ
3237321600	3	1349	1404	1506	1510	62	0	-1	4	15	0	0	0	0	0	20355	Sacramento,CA	Las Vegas,NV
3237667200	7	1555	1619	1725	1732	66	-1	-3	7	24	0	0	0	0	0	20355	Las Vegas,NV	San Francisco,CA
3238099200	5	1334	1347	1430	1442	43	3	-1	12	13	0	0	0	0	0	20355	Phoenix,AZ	Las Vegas,NV
3238185600	6	1824	1841	1922	1931	41	-2	0	9	17	0	0	0	0	0	20355	Phoenix,AZ	Las Vegas,NV
3238272000	7	2032	2044	2132	2140	48	46	51	8	12	46	0	0	0	0	20355	Phoenix,AZ	San Diego,CA
3238444800	2	854	910	909	920	119	2	4	11	16	0	0	0	0	0	20355	Dallas/Ft.Worth,TX	Phoenix,AZ
3238531200	3	2217	2250	2338	2343	228	25	17	5	33	0	0	8	0	17	20355	Atlanta,GA	Las Vegas,NV
3238531200	3	933	945	1048	1055	63	-3	-3	7	12	0	0	0	0	0	20355	Los Angeles,CA	Phoenix,AZ
3238617600	4	2247	2310	730	733	320	-24	-8	3	23	0	0	0	0	0	20355	Honolulu,HI	Phoenix,AZ
3238790400	6	2209	2221	2240	2307	139	-6	-10	27	12	0	0	0	0	0	20355	Dallas/Ft.Worth,TX	Las Vegas,NV
3238876800	7	1504	1518	1913	1924	115	2	-1	11	14	0	0	0	0	0	20355	Phoenix,AZ	Dallas/Ft.Worth,TX
3238963200	1	1247	1258	1721	1734	143	11	5	13	11	0	0	0	0	0	20355	Las Vegas,NV	Dallas/Ft.Worth,TX
3239049600	2	1655	1712	1810	1814	178	123	123	4	17	0	0	0	123	0	20355	Minneapolis/St. Paul,MN	Las Vegas,NV
3239049600	2	1451	1509	1910	1914	121	-7	0	4	18	0	0	0	0	0	20355	Phoenix,AZ	Omaha,NE
3239136000	3	1736	1751	1834	1838	43	-6	-4	4	15	0	0	0	0	0	20355	Los Angeles,CA	Las Vegas,NV
3239136000	3	1652	1704	1759	1804	55	10	19	5	12	0	0	0	0	0	20355	Phoenix,AZ	Los Angeles,CA
3239222400	4	1152	1225	1642	1650	137	40	22	8	33	22	0	18	0	0	20355	Las Vegas,NV	Dallas/Ft.Worth,TX
3239222400	4	923	1049	1814	1820	265	125	38	6	86	0	38	87	0	0	20355	Phoenix,AZ	Fort Lauderdale,FL
3239308800	5	1921	1930	2018	2023	48	1	11	5	9	0	0	0	0	0	20355	Phoenix,AZ	Ontario/San Bernardino,CA
3239481600	7	1000	1014	1156	1159	282	-21	-5	3	14	0	0	0	0	0	20355	New York,NY	Phoenix,AZ
3239481600	7	1856	1915	1955	2006	40	41	37	11	19	0	0	4	0	37	20355	Las Vegas,NV	Los Angeles,CA
3239481600	7	2348	5	504	511	179	-21	-8	7	17	0	0	0	0	0	20355	Las Vegas,NV	Chicago,IL
3239481600	7	842	905	1354	1404	169	13	-3	10	23	0	0	0	0	0	20355	Phoenix,AZ	Memphis,TN
3239568000	1	1657	1708	1836	1841	88	14	25	5	11	0	0	0	0	0	20355	Phoenix,AZ	Oakland,CA
3239654400	2	2127	2142	2243	2254	61	48	46	11	15	46	0	2	0	0	20355	Las Vegas,NV	San Francisco,CA
3239740800	3	650	719	906	916	287	2	0	10	29	0	0	0	0	0	20355	New York,NY	Phoenix,AZ
3239740800	3	1801	1814	131	141	257	-26	1	10	13	0	0	0	0	0	20355	Las Vegas,NV	New York,NY
3239740800	3	2126	2143	2241	2245	178	-17	0	4	17	0	0	0	0	0	20355	Minneapolis/St. Paul,MN	Las Vegas,NV
3238617600	4	1501	1521	1655	1702	94	49	41	7	20	6	0	8	0	35	20355	Charlotte,NC	Hartford,CT
3238704000	5	1729	1746	1739	1745	53	-4	-1	6	17	0	0	0	0	0	20355	Charlotte,NC	Nashville,TN
3237840000	2	2025	2037	2154	2201	77	-4	-5	7	12	0	0	0	0	0	20355	Pittsburgh,PA	Boston,MA
3237667200	7	1326	1333	1419	1429	46	-22	-4	10	7	0	0	0	0	0	20355	Philadelphia,PA	Boston,MA
3238531200	3	1041	1051	1156	1159	65	-10	-4	3	10	0	0	0	0	0	20355	Washington,DC	Boston,MA
3239308800	5	1605	1700	1746	1751	46	103	65	5	55	0	0	38	0	65	20355	New York,NY	Boston,MA
3238185600	6	701	712	803	808	51	-6	-4	5	11	0	0	0	0	0	20355	Norfolk,VA	Charlotte,NC
3238358400	1	1520	1535	2023	2027	168	1	0	4	15	0	0	0	0	0	20355	Denver,CO	Charlotte,NC
3237408000	4	1515	1529	1627	1633	58	-4	0	6	14	0	0	0	0	0	20355	Pittsburgh,PA	Charlotte,NC
3238272000	7	1423	1433	1602	1606	89	-14	-7	4	10	0	0	0	0	0	20355	West Palm Beach/Palm Beach,FL	Charlotte,NC
3238617600	4	831	839	1029	1035	110	-5	-4	6	8	0	0	0	0	0	20355	Albany,NY	Charlotte,NC
3239827200	4	1657	1708	1858	1902	110	21	2	4	11	0	0	21	0	0	20355	Ft. Myers,FL	Charlotte,NC
3239654400	2	2347	6	650	653	224	15	17	3	19	6	0	0	0	9	20355	Las Vegas,NV	Charlotte,NC
3238358400	1	1615	1637	1942	1945	185	-13	-5	3	22	0	0	0	0	0	20355	San Juan,PR	Charlotte,NC
3239827200	4	1335	1344	1439	1443	55	-12	-5	4	9	0	0	0	0	0	20355	Jacksonville,FL	Charlotte,NC
3239049600	2	1404	1413	1502	1505	49	19	34	3	9	0	0	0	0	19	20355	Washington,DC	Charlotte,NC
3239568000	1	723	731	902	911	91	3	-2	9	8	0	0	0	0	0	20355	Jacksonville,FL	Washington,DC
3237408000	4	1549	1603	1653	1655	50	-4	4	2	14	0	0	0	0	0	20355	Charlotte,NC	Washington,DC
3239827200	4	1144	1155	1349	1404	114	-1	-6	15	11	0	0	0	0	0	20355	West Palm Beach/Palm Beach,FL	Washington,DC
3239827200	4	922	935	1049	1054	74	-17	2	5	13	0	0	0	0	0	20355	Charlotte,NC	Newark,NJ
3238099200	5	2137	2146	2216	2222	30	-4	7	6	9	0	0	0	0	0	20355	Charlotte,NC	Wilmington,NC
3237408000	4	1950	2007	2129	2151	82	34	20	22	17	0	0	14	0	20	20355	Charlotte,NC	New York,NY
3239740800	3	726	738	935	939	117	1	-4	4	12	0	0	0	0	0	20355	Pittsburgh,PA	Orlando,FL
3239827200	4	1834	1847	2031	2040	104	70	59	9	13	13	0	11	0	46	20355	Charlotte,NC	Miami,FL
3239568000	1	1616	1631	1704	1707	33	18	21	3	15	9	0	9	0	0	20355	Charlotte,NC	Myrtle Beach,SC
3239568000	1	1407	1419	1542	1545	83	-13	-3	3	12	0	0	0	0	0	20355	Charlotte,NC	West Palm Beach/Palm Beach,FL
3237580800	6	1440	1453	1602	1608	69	-8	0	6	13	0	0	0	0	0	20355	Charlotte,NC	Philadelphia,PA
3238358400	1	1215	1223	1440	1452	137	17	0	12	8	0	0	17	0	0	20355	Orlando,FL	Philadelphia,PA
3237408000	4	1007	1017	1159	1209	102	-9	-8	10	10	0	0	0	0	0	20355	Jacksonville,FL	Philadelphia,PA
3237667200	7	1537	1552	1810	1820	138	-4	-3	10	15	0	0	0	0	0	20355	Miami,FL	Philadelphia,PA
3238531200	3	1224	1244	1345	1347	61	-5	-6	2	20	0	0	0	0	0	20355	Boston,MA	Philadelphia,PA
3238704000	5	2113	2124	455	501	271	-17	-2	6	11	0	0	0	0	0	20355	San Diego,CA	Philadelphia,PA
3237494400	5	1820	1827	1914	1923	47	34	30	9	7	30	0	4	0	0	20355	Richmond,VA	Philadelphia,PA
3238963200	1	945	957	1049	1058	52	13	0	9	12	0	0	0	0	0	20355	Norfolk,VA	Philadelphia,PA
3238444800	2	1126	1135	1236	1240	61	-8	-4	4	9	0	0	0	0	0	20355	Raleigh/Durham,NC	Philadelphia,PA
3239049600	2	1525	1538	1637	1644	59	-13	-5	7	13	0	0	0	0	0	20355	New York,NY	Pittsburgh,PA
3237494400	5	12	27	704	707	217	14	27	3	15	0	0	0	0	0	20355	Las Vegas,NV	Pittsburgh,PA
3239481600	7	1810	1830	1927	1935	57	-5	0	8	20	0	0	0	0	0	20355	New York,NY	Pittsburgh,PA
3238272000	7	1754	1807	1902	1906	55	10	14	4	13	0	0	0	0	0	20355	Washington,DC	Providence,RI
3238963200	1	858	915	1121	1125	126	1	-2	4	17	0	0	0	0	0	20355	Pittsburgh,PA	Ft. Myers,FL
3238963200	1	1750	1802	1936	1940	274	-1	-5	4	12	0	0	0	0	0	20355	Pittsburgh,PA	San Diego,CA
3239222400	4	1240	1249	1328	1333	39	-4	0	5	9	0	0	0	0	0	20355	Charlotte,NC	Savannah,GA
3238531200	3	1138	1212	1525	1529	193	12	-2	4	34	0	0	0	0	0	20355	Charlotte,NC	San Juan,PR
3238272000	7	734	754	1110	1115	196	-10	4	5	20	0	0	0	0	0	20355	Philadelphia,PA	San Juan,PR
3237235200	2	949	1014	1332	1335	198	-22	-6	3	25	0	0	0	0	0	20355	Philadelphia,PA	Charlotte Amalie,VI
3239740800	3	1235	1307	1530	1535	143	100	75	5	32	0	0	25	0	75	20355	Philadelphia,PA	Tampa,FL
3237235200	2	1014	1020	1101	1103	41	-7	-1	2	6	0	0	0	0	0	19393	Dallas,TX	San Antonio,TX
3237235200	2	1905	1912	1949	1952	37	27	40	3	7	27	0	0	0	0	19393	Las Vegas,NV	Ontario/San Bernardino,CA
3237235200	2	1431	1440	1709	1712	89	-8	1	3	9	0	0	0	0	0	19393	Chicago,IL	Albany,NY
3237235200	2	659	713	757	804	44	4	-1	7	14	0	0	0	0	0	19393	Phoenix,AZ	Las Vegas,NV
3237321600	3	1954	2012	2050	2054	98	54	54	4	18	0	6	0	0	48	19393	Denver,CO	Las Vegas,NV
3237321600	3	1649	1656	2354	2357	238	-8	-1	3	7	0	0	0	0	0	19393	Phoenix,AZ	Raleigh/Durham,NC
3237408000	4	1622	1630	1635	1642	65	32	37	7	8	10	0	0	0	22	19393	Indianapolis,IN	Kansas City,MO
3237408000	4	1857	1910	2237	2243	147	18	7	6	13	1	0	11	0	6	19393	Kansas City,MO	Orlando,FL
3237408000	4	848	945	1309	1312	144	52	18	3	57	0	5	34	0	13	19393	Chicago,IL	Ft. Myers,FL
3237408000	4	900	948	1148	1155	300	5	10	7	48	0	0	0	0	0	19393	Philadelphia,PA	Los Angeles,CA
3237408000	4	1710	1727	1920	1922	53	22	20	2	17	2	0	2	0	18	19393	Phoenix,AZ	El Paso,TX
3237408000	4	1822	1830	1906	1909	36	9	12	3	8	0	0	0	0	0	19393	San Antonio,TX	Harlingen/San Benito,TX
3237408000	4	823	838	1022	1025	104	0	-2	3	15	0	0	0	0	0	19393	Seattle,WA	San Jose,CA
3237408000	4	1740	1749	1835	1837	46	-3	0	2	9	0	0	0	0	0	19393	San Jose,CA	Burbank,CA
3237408000	4	905	919	1005	1006	46	1	0	1	14	0	0	0	0	0	19393	San Jose,CA	Burbank,CA
3237494400	5	901	908	1008	1011	60	-9	-4	3	7	0	0	0	0	0	19393	Kansas City,MO	Chicago,IL
3237494400	5	1809	1819	1944	2003	85	-2	-1	19	10	0	0	0	0	0	19393	Phoenix,AZ	Oakland,CA
3237494400	5	1113	1124	1322	1327	118	-23	-2	5	11	0	0	0	0	0	19393	Ft. Myers,FL	Baltimore,MD
3237494400	5	1700	1707	1808	1812	61	-3	0	4	7	0	0	0	0	0	19393	Sacramento,CA	Las Vegas,NV
3237494400	5	2227	2235	41	43	66	188	197	2	8	2	0	0	0	186	19393	St. Louis,MO	Cleveland,OH
3237494400	5	1510	1516	1606	1610	110	-15	-5	4	6	0	0	0	0	0	19393	Tampa,FL	Houston,TX
3237580800	6	1503	1511	1657	1703	106	13	18	6	8	0	0	0	0	0	19393	Columbus,OH	Orlando,FL
3237580800	6	1434	1446	1624	1629	98	-16	-1	5	12	0	0	0	0	0	19393	Orlando,FL	Louisville,KY
3237580800	6	1112	1119	1232	1236	73	1	2	4	7	0	0	0	0	0	19393	Oakland,CA	San Diego,CA
3237580800	6	2013	2036	2146	2149	70	-16	-7	3	23	0	0	0	0	0	19393	Philadelphia,PA	Columbus,OH
3237580800	6	1441	1447	1528	1531	41	-4	1	3	6	0	0	0	0	0	19393	San Antonio,TX	Dallas,TX
3237580800	6	1601	1611	1647	1652	96	2	1	5	10	0	0	0	0	0	19393	Salt Lake City,UT	Oakland,CA
3237580800	6	1408	1419	1512	1515	53	15	13	3	11	11	0	2	0	2	19393	St. Louis,MO	Omaha,NE
3237667200	7	834	840	1100	1103	80	-7	-1	3	6	0	0	0	0	0	19393	El Paso,TX	Dallas,TX
3237667200	7	802	813	914	917	61	-8	2	3	11	0	0	0	0	0	19393	Santa Ana,CA	Sacramento,CA
3237753600	1	2132	2139	2257	2300	78	40	47	3	7	1	0	0	0	39	19393	Dallas,TX	St. Louis,MO
3237753600	1	1603	1616	1715	1718	59	8	3	3	13	0	0	0	0	0	19393	Oakland,CA	Los Angeles,CA
3237753600	1	2047	2053	155	200	182	160	172	5	6	0	0	0	0	160	19393	Phoenix,AZ	Nashville,TN
3237753600	1	801	811	913	925	242	-5	1	12	10	0	0	0	0	0	19393	Raleigh/Durham,NC	Phoenix,AZ
3237840000	2	1403	1408	1459	1502	51	2	3	3	5	0	0	0	0	0	19393	Dallas,TX	Houston,TX
3237840000	2	858	909	957	1001	48	-4	3	4	11	0	0	0	0	0	19393	San Diego,CA	Las Vegas,NV
3237840000	2	714	722	752	755	30	-10	-1	3	8	0	0	0	0	0	19393	Tampa,FL	Jacksonville,FL
3237926400	3	1429	1455	1638	1640	43	10	4	2	26	0	0	0	0	0	19393	Chicago,IL	Columbus,OH
3237926400	3	1643	1654	1843	1847	109	-3	13	4	11	0	0	0	0	0	19393	Chicago,IL	New Orleans,LA
3237926400	3	1649	1656	1724	1730	28	-5	-1	6	7	0	0	0	0	0	19393	Ft. Myers,FL	Orlando,FL
3237926400	3	1319	1332	1655	1658	143	8	9	3	13	0	0	0	0	0	19393	Salt Lake City,UT	St. Louis,MO
3238012800	4	725	742	829	833	47	28	20	4	17	0	0	8	20	0	19393	Los Angeles,CA	Las Vegas,NV
3238012800	4	753	803	1028	1047	85	17	8	19	10	8	0	9	0	0	19393	Chicago,IL	Baltimore,MD
3238012800	4	1032	1042	1251	1258	249	88	82	7	10	0	40	6	0	42	19393	Chicago,IL	Seattle,WA
3238012800	4	1235	1248	1509	1515	81	40	45	6	13	12	0	0	0	28	19393	Phoenix,AZ	Denver,CO
3238012800	4	914	923	1020	1026	57	-9	9	6	9	0	0	0	0	0	19393	Phoenix,AZ	Los Angeles,CA
3238012800	4	1330	1339	1501	1504	82	69	60	3	9	0	0	9	25	35	19393	Sacramento,CA	San Diego,CA
3238099200	5	2105	2112	2220	2223	68	-2	5	3	7	0	0	0	0	0	19393	Oakland,CA	San Diego,CA
3238099200	5	2012	2020	2117	2121	57	1	-3	4	8	0	0	0	0	0	19393	Ontario/San Bernardino,CA	Phoenix,AZ
3238185600	6	726	735	858	901	83	-9	-4	3	9	0	0	0	0	0	19393	Birmingham,AL	Chicago,IL
3238185600	6	1912	1918	2112	2114	114	-1	7	2	6	0	0	0	0	0	19393	Tampa,FL	Columbus,OH
3238272000	7	1906	1919	2004	2009	45	9	11	5	13	0	0	0	0	0	19393	Baltimore,MD	Hartford,CT
3238272000	7	737	747	858	902	131	-8	7	4	10	0	0	0	0	0	19393	Baltimore,MD	Kansas City,MO
3238272000	7	1936	1952	2045	2049	53	-1	1	4	16	0	0	0	0	0	19393	Las Vegas,NV	Tucson,AZ
3238272000	7	1614	1621	1755	1758	94	103	104	3	7	103	0	0	0	0	19393	Portland,OR	San Jose,CA
3238272000	7	851	901	1010	1013	69	-2	1	3	10	0	0	0	0	0	19393	Portland,OR	Sacramento,CA
3238272000	7	1956	2013	2114	2116	61	-4	-4	2	17	0	0	0	0	0	19393	San Jose,CA	San Diego,CA
3238272000	7	659	711	742	748	91	-2	-1	6	12	0	0	0	0	0	19393	Salt Lake City,UT	Los Angeles,CA
3238358400	1	1427	1439	1435	1440	56	5	2	5	12	0	0	0	0	0	19393	Albuquerque,NM	Phoenix,AZ
3238358400	1	1659	1707	1720	1723	73	-12	-6	3	8	0	0	0	0	0	19393	Austin,TX	El Paso,TX
3238358400	1	1900	1908	2013	2018	125	8	15	5	8	0	0	0	0	0	19393	Manchester,NH	Chicago,IL
3238444800	2	825	831	1026	1029	115	-21	-5	3	6	0	0	0	0	0	19393	Baltimore,MD	Tampa,FL
3238444800	2	2115	2139	2228	2230	49	15	0	2	24	0	0	15	0	0	19393	Los Angeles,CA	Las Vegas,NV
3238444800	2	1359	1407	1517	1519	70	-6	-1	2	8	0	0	0	0	0	19393	Oakland,CA	San Diego,CA
3238444800	2	1248	1256	1414	1417	78	7	18	3	8	0	0	0	0	0	19393	San Jose,CA	Portland,OR
3238444800	2	937	945	1047	1050	62	-15	-3	3	8	0	0	0	0	0	19393	Santa Ana,CA	Sacramento,CA
3238444800	2	1057	1105	1146	1149	41	-6	-3	3	8	0	0	0	0	0	19393	Tulsa,OK	Dallas,TX
3238444800	2	622	629	812	814	43	-11	-3	2	7	0	0	0	0	0	19393	Tucson,AZ	Albuquerque,NM
3238531200	3	1030	1044	1123	1127	39	-3	-5	4	14	0	0	0	0	0	19393	Fort Lauderdale,FL	Tampa,FL
3238531200	3	1146	1209	1633	1635	144	10	1	2	23	0	0	0	0	0	19393	Las Vegas,NV	San Antonio,TX
3238531200	3	1342	1350	1425	1428	155	28	37	3	8	0	0	0	0	28	19393	Kansas City,MO	Las Vegas,NV
3238531200	3	924	930	1023	1028	53	-12	-1	5	6	0	0	0	0	0	19393	Santa Ana,CA	Phoenix,AZ
3238617600	4	1819	1826	1930	1933	64	23	34	3	7	2	0	0	0	21	19393	Nashville,TN	New Orleans,LA
3238617600	4	2040	2054	2140	2142	46	17	15	2	14	2	0	2	0	13	19393	Las Vegas,NV	Burbank,CA
3238617600	4	2121	2128	2224	2228	56	-7	-4	4	7	0	0	0	0	0	19393	Kansas City,MO	Chicago,IL
3238704000	5	1637	1643	1738	1741	55	1	7	3	6	0	0	0	0	0	19393	Burbank,CA	Sacramento,CA
3238704000	5	1021	1040	1748	1750	248	-5	1	2	19	0	0	0	0	0	19393	Las Vegas,NV	Raleigh/Durham,NC
3238704000	5	748	755	1029	1032	154	-28	-2	3	7	0	0	0	0	0	19393	Manchester,NH	Tampa,FL
3238704000	5	2050	2100	2151	2154	51	-11	-5	3	10	0	0	0	0	0	19393	Pittsburgh,PA	Philadelphia,PA
3238704000	5	1900	1911	2008	2011	57	11	15	3	11	0	0	0	0	0	19393	Providence,RI	Baltimore,MD
3238704000	5	751	802	859	902	57	-13	-4	3	11	0	0	0	0	0	19393	San Diego,CA	San Jose,CA
3238704000	5	1202	1211	1255	1257	44	2	2	2	9	0	0	0	0	0	19393	Tampa,FL	Fort Lauderdale,FL
3238704000	5	1236	1247	1513	1517	146	2	1	4	11	0	0	0	0	0	19393	Tampa,FL	Islip,NY
3238790400	6	1524	1535	1628	1632	53	-13	-1	4	11	0	0	0	0	0	19393	Las Vegas,NV	Reno,NV
3238790400	6	1017	1023	1127	1129	64	-11	2	2	6	0	0	0	0	0	19393	Oakland,CA	Las Vegas,NV
3238790400	6	2023	2032	2220	2223	48	-2	3	3	9	0	0	0	0	0	19393	Phoenix,AZ	Albuquerque,NM
3238876800	7	1237	1247	1455	1458	68	-7	-3	3	10	0	0	0	0	0	19393	Nashville,TN	Jacksonville,FL
3238876800	7	1823	1830	2009	2014	99	-21	3	5	7	0	0	0	0	0	19393	Baltimore,MD	Orlando,FL
3238876800	7	1724	1730	1931	1935	121	0	9	4	6	0	0	0	0	0	19393	Baltimore,MD	West Palm Beach/Palm Beach,FL
3238876800	7	1427	1438	1526	1529	48	-6	-3	3	11	0	0	0	0	0	19393	Chicago,IL	St. Louis,MO
3238876800	7	711	717	820	824	63	-6	1	4	6	0	0	0	0	0	19393	Portland,OR	Reno,NV
3238876800	7	1404	1413	1713	1718	120	-12	-1	5	9	0	0	0	0	0	19393	St. Louis,MO	Orlando,FL
3238963200	1	2110	2119	2202	2206	43	-4	0	4	9	0	0	0	0	0	19393	Baltimore,MD	Islip,NY
3238963200	1	953	959	1056	1059	57	-6	-2	3	6	0	0	0	0	0	19393	Jacksonville,FL	Fort Lauderdale,FL
3238963200	1	1018	1034	1603	1606	209	16	8	3	16	8	0	8	0	0	19393	Las Vegas,NV	Birmingham,AL
3238963200	1	1954	2002	2056	2059	54	-6	-1	3	8	0	0	0	0	0	19393	Las Vegas,NV	Reno,NV
3238963200	1	643	651	758	801	67	-24	-2	3	8	0	0	0	0	0	19393	Kansas City,MO	Dallas,TX
3238963200	1	1551	1602	1607	1611	65	-4	1	4	11	0	0	0	0	0	19393	Raleigh/Durham,NC	Nashville,TN
3239049600	2	1122	1133	1326	1331	113	16	27	5	11	12	0	0	0	4	19393	Baltimore,MD	Tampa,FL
3239049600	2	934	941	1056	1058	75	3	14	2	7	0	0	0	0	0	19393	Oakland,CA	Portland,OR
3239049600	2	950	958	1130	1133	92	-2	10	3	8	0	0	0	0	0	19393	Oakland,CA	Phoenix,AZ
3239049600	2	2017	2030	2215	2218	45	-7	-3	3	13	0	0	0	0	0	19393	Phoenix,AZ	Albuquerque,NM
3239049600	2	1001	1011	1155	1159	44	-16	-4	4	10	0	0	0	0	0	19393	Phoenix,AZ	Albuquerque,NM
3239049600	2	2110	2116	2218	2221	62	-14	-5	3	6	0	0	0	0	0	19393	Reno,NV	Portland,OR
3239136000	3	852	907	1117	1120	130	-10	-3	3	15	0	0	0	0	0	19393	Baltimore,MD	Ft. Myers,FL
3239136000	3	1241	1258	1523	1530	85	5	-4	7	17	0	0	0	0	0	19393	Los Angeles,CA	Salt Lake City,UT
3239136000	3	1606	1615	1803	1806	48	-9	1	3	9	0	0	0	0	0	19393	Chicago,IL	Columbus,OH
3239136000	3	1654	1700	1835	1839	95	34	44	4	6	34	0	0	0	0	19393	Phoenix,AZ	Oakland,CA
3239222400	4	1025	1037	1233	1235	296	50	60	2	12	0	0	0	0	50	19393	Baltimore,MD	San Diego,CA
3239222400	4	1040	1050	1655	1702	185	-8	10	7	10	0	0	0	0	0	19393	Las Vegas,NV	Indianapolis,IN
3239222400	4	2017	2025	2115	2116	50	31	37	1	8	0	0	0	0	31	19393	Oakland,CA	Burbank,CA
3239222400	4	1036	1043	1153	1155	70	-5	1	2	7	0	0	0	0	0	19393	Oakland,CA	San Diego,CA
3239222400	4	813	843	926	929	43	4	-2	3	30	0	0	0	0	0	19393	Philadelphia,PA	Providence,RI
3239308800	5	1459	1521	1630	1632	69	37	19	2	22	0	19	18	0	0	19393	Baltimore,MD	Manchester,NH
3239308800	5	1513	1523	1558	1601	35	-14	-2	3	10	0	0	0	0	0	19393	Las Vegas,NV	Ontario/San Bernardino,CA
3239308800	5	1506	1511	1559	1601	48	-4	1	2	5	0	0	0	0	0	19393	Little Rock,AR	Dallas,TX
3239308800	5	803	813	908	912	55	-3	-2	4	10	0	0	0	0	0	19393	Ontario/San Bernardino,CA	Oakland,CA
3239308800	5	1332	1341	1454	1458	73	-12	2	4	9	0	0	0	0	0	19393	Portland,OR	Oakland,CA
3239308800	5	1124	1132	1520	1522	108	32	39	2	8	32	0	0	0	0	19393	Phoenix,AZ	San Antonio,TX
3239395200	6	834	848	1548	1551	240	-24	-1	3	14	0	0	0	0	0	19393	Las Vegas,NV	Baltimore,MD
3239395200	6	1107	1116	1207	1211	51	-9	-3	4	9	0	0	0	0	0	19393	Phoenix,AZ	Ontario/San Bernardino,CA
3239395200	6	1952	1959	2201	2204	122	84	32	3	7	0	0	52	0	32	19393	St. Louis,MO	Oklahoma City,OK
3239481600	7	1111	1120	1407	1410	107	-15	-4	3	9	0	0	0	0	0	19393	Denver,CO	Chicago,IL
3239481600	7	2108	2120	2212	2215	52	5	8	3	12	0	0	0	0	0	19393	Los Angeles,CA	Oakland,CA
3239481600	7	1027	1034	1325	1328	111	-7	7	3	7	0	0	0	0	0	19393	Oakland,CA	Albuquerque,NM
3239568000	1	1817	1823	1858	1901	35	31	37	3	6	0	0	0	0	31	19393	Houston,TX	San Antonio,TX
3239568000	1	929	935	1017	1019	42	-6	-1	2	6	0	0	0	0	0	19393	Harlingen/San Benito,TX	San Antonio,TX
3239568000	1	802	811	852	854	41	-16	-3	2	9	0	0	0	0	0	19393	Las Vegas,NV	San Diego,CA
3239568000	1	1149	1211	1316	1320	65	0	4	4	22	0	0	0	0	0	19393	Las Vegas,NV	Sacramento,CA
3239568000	1	1716	1725	1817	1820	52	-5	1	3	9	0	0	0	0	0	19393	Reno,NV	Las Vegas,NV
3239568000	1	721	730	1256	1300	206	-20	1	4	9	0	0	0	0	0	19393	San Diego,CA	Nashville,TN
3239568000	1	1756	1805	1830	1833	85	-17	-4	3	9	0	0	0	0	0	19393	Salt Lake City,UT	Portland,OR
3239654400	2	1804	1813	1903	1907	50	-3	-1	4	9	0	0	0	0	0	19393	Dallas,TX	Amarillo,TX
3239654400	2	920	930	1016	1019	46	9	10	3	10	0	0	0	0	0	19393	Dallas,TX	Lubbock,TX
3239654400	2	800	818	857	859	39	-6	-5	2	18	0	0	0	0	0	19393	St. Louis,MO	Chicago,IL
3239740800	3	1819	1833	1910	1913	37	-7	-6	3	14	0	0	0	0	0	19393	Dallas,TX	Tulsa,OK
3239740800	3	1007	1019	1239	1242	80	-3	2	3	12	0	0	0	0	0	19393	Oakland,CA	Salt Lake City,UT
3239740800	3	1812	1821	2038	2044	137	-21	-3	6	9	0	0	0	0	0	19393	Tampa,FL	Providence,RI
3239827200	4	850	859	948	950	49	-5	0	2	9	0	0	0	0	0	19393	Baltimore,MD	Raleigh/Durham,NC
3239827200	4	1620	1629	1723	1727	114	2	0	4	9	0	0	0	0	0	19393	Houston,TX	Albuquerque,NM
3239827200	4	828	835	920	925	105	0	3	5	7	0	0	0	0	0	19393	Houston,TX	Albuquerque,NM
3239827200	4	1638	1707	1803	1806	56	11	3	3	29	0	0	0	0	0	19393	Las Vegas,NV	Tucson,AZ
3239827200	4	1534	1540	1702	1707	202	32	34	5	6	0	0	0	0	32	19393	Kansas City,MO	Sacramento,CA
3239827200	4	841	852	1043	1048	111	-7	-4	5	11	0	0	0	0	0	19393	Pittsburgh,PA	Orlando,FL
3238790400	6	2111	2125	2158	2204	33	-11	-9	6	14	0	0	0	0	0	20374	Houston,TX	Shreveport,LA
3238963200	1	1438	1455	1625	1629	90	-12	-2	4	17	0	0	0	0	0	20374	Newark,NJ	Grand Rapids,MI
3237235200	2	1457	1506	1541	1546	35	-14	-3	5	9	0	0	0	0	0	20374	Grand Rapids,MI	Cleveland,OH
3237667200	7	1028	1053	1230	1238	97	23	8	8	25	8	0	15	0	0	20374	Houston,TX	Nashville,TN
3238531200	3	1301	1328	1618	1621	110	-4	1	3	27	0	0	0	0	0	20374	Houston,TX	Louisville,KY
3239481600	7	1339	1430	1614	1621	104	81	19	7	51	0	0	81	0	0	20374	Raleigh/Durham,NC	Newark,NJ
3237494400	5	1449	1518	1623	1631	65	86	79	8	29	0	0	86	0	0	20374	Portland,ME	Newark,NJ
3239395200	6	2108	2119	2150	2155	31	-17	-7	5	11	0	0	0	0	0	20374	Houston,TX	Killeen,TX
3238012800	4	1808	1826	1903	1907	37	37	38	4	18	37	0	0	0	0	20374	Houston,TX	Dallas,TX
3238617600	4	1641	1657	1711	1719	74	12	8	8	16	0	0	0	0	0	20374	Cleveland,OH	Nashville,TN
3238963200	1	923	938	1048	1055	70	-2	-5	7	15	0	0	0	0	0	20374	Oklahoma City,OK	Houston,TX
3237321600	3	1531	1650	1756	1808	66	119	61	12	79	0	0	61	0	58	20374	Pittsburgh,PA	Newark,NJ
3238531200	3	1754	1812	1944	1952	92	-16	-1	8	18	0	0	0	0	0	20374	Cincinnati,OH	Newark,NJ
3239136000	3	640	659	811	819	132	1	0	8	19	0	0	0	0	0	20374	Newark,NJ	St. Louis,MO
3238531200	3	1641	1702	1819	1825	137	-12	-4	6	21	0	0	0	0	0	20374	Cleveland,OH	Dallas/Ft.Worth,TX
3237926400	3	2035	2126	2245	2254	79	11	-5	9	51	0	0	0	0	0	20374	Newark,NJ	Detroit,MI
3238704000	5	1615	1636	1717	1732	41	28	15	15	21	0	0	13	0	15	20374	Dallas,TX	Houston,TX
3237408000	4	931	942	1041	1049	59	-6	-2	8	11	0	0	0	0	0	20374	Gulfport/Biloxi,MS	Houston,TX
3238185600	6	204	214	508	519	114	-5	-6	11	10	0	0	0	0	0	20374	Denver,CO	Houston,TX
3238531200	3	1710	1719	1809	1819	50	0	-10	10	9	0	0	0	0	0	20374	Monroe,LA	Houston,TX
3237840000	2	1230	1250	1427	1433	97	9	-5	6	20	0	0	0	0	0	20374	Atlanta,GA	Cleveland,OH
3239222400	4	735	747	926	936	99	-12	-10	10	12	0	0	0	0	0	20374	Kansas City,MO	Houston,TX
3237408000	4	1750	1803	1906	1916	123	-23	-10	10	13	0	0	0	0	0	20374	Cincinnati,OH	Houston,TX
3239740800	3	1455	1502	1545	1550	43	-25	-11	5	7	0	0	0	0	0	20374	Baton Rouge,LA	Houston,TX
3238876800	7	1027	1109	1244	1249	95	29	2	5	42	0	0	29	0	0	20374	Houston,TX	Nashville,TN
3237580800	6	840	851	1315	1326	144	1	-5	11	11	0	0	0	0	0	20374	Phoenix,AZ	Houston,TX
3239049600	2	1728	1746	1810	1813	24	-5	-2	3	18	0	0	0	0	0	20374	Houston,TX	Lake Charles,LA
3239481600	7	1910	1929	2302	2317	153	103	100	15	19	0	0	103	0	0	20374	Fayetteville,AR	Newark,NJ
3238704000	5	623	643	807	816	84	-2	-2	9	20	0	0	0	0	0	20374	Providence,RI	Cleveland,OH
3238963200	1	508	517	637	641	80	-6	-7	4	9	0	0	0	0	0	20374	Lubbock,TX	Houston,TX
3238099200	5	1206	1224	1315	1331	51	26	21	16	18	21	0	5	0	0	20374	Newark,NJ	Richmond,VA
3238704000	5	923	931	1040	1051	69	-9	-3	11	8	0	0	0	0	0	20374	Pensacola,FL	Houston,TX
3239308800	5	610	625	813	820	108	0	-5	7	15	0	0	0	0	0	20374	Louisville,KY	Newark,NJ
3237667200	7	1139	1156	1452	1455	116	-9	-3	3	17	0	0	0	0	0	20374	Houston,TX	Greenville/Spartanburg,SC
3239049600	2	1623	1649	1742	1756	53	-4	-2	14	26	0	0	0	0	0	20374	Newark,NJ	Pittsburgh,PA
3239136000	3	1745	1800	1828	1837	28	38	45	9	15	0	0	0	0	38	20374	Alexandria,LA	Houston,TX
3239222400	4	1200	1212	1327	1336	135	6	15	9	12	0	0	0	0	0	20374	West Palm Beach/Palm Beach,FL	Houston,TX
3239222400	4	1422	1434	1540	1543	66	-13	-3	3	12	0	0	0	0	0	20374	Houston,TX	Lubbock,TX
3237753600	1	1040	1053	1211	1217	78	-11	-10	6	13	0	0	0	0	0	20374	Bangor,ME	Newark,NJ
3237494400	5	202	210	546	554	156	-6	-3	8	8	0	0	0	0	0	20374	Salt Lake City,UT	Houston,TX
3237753600	1	735	748	1206	1212	138	4	-10	6	13	0	0	0	0	0	20374	Tucson,AZ	Houston,TX
3238358400	1	936	950	1050	1057	60	2	3	7	14	0	0	0	0	0	20374	Gulfport/Biloxi,MS	Houston,TX
3239827200	4	644	701	741	748	40	-12	-1	7	17	0	0	0	0	0	20374	Newark,NJ	Rochester,NY
3239308800	5	1129	1145	1319	1332	94	3	-1	13	16	0	0	0	0	0	20374	Houston,TX	Nashville,TN
3237408000	4	607	631	744	748	73	-6	-8	4	24	0	0	0	0	0	20374	Burlington,VT	Cleveland,OH
3238099200	5	1145	1157	1408	1411	131	-12	-5	3	12	0	0	0	0	0	20374	Houston,TX	Milwaukee,WI
3239049600	2	1641	1657	1745	1754	48	-21	-9	9	16	0	0	0	0	0	20374	Buffalo,NY	Newark,NJ
3238704000	5	851	902	947	954	45	-9	-9	7	11	0	0	0	0	0	20374	Dallas,TX	Houston,TX
3238617600	4	1516	1525	1639	1645	74	-13	-4	6	9	0	0	0	0	0	20374	Pensacola,FL	Houston,TX
3238272000	7	1714	1728	1856	1904	88	22	37	8	14	0	0	0	0	22	20374	Charlotte,NC	Newark,NJ
3238531200	3	2010	2041	2214	2217	153	-16	-5	3	31	0	0	0	0	0	20374	Newark,NJ	Kansas City,MO
3238876800	7	1342	1354	1433	1438	39	-11	-3	5	12	0	0	0	0	0	20374	Newark,NJ	Baltimore,MD
3238876800	7	1855	1907	2204	2208	117	-15	2	4	12	0	0	0	0	0	20374	Houston,TX	Sarasota/Bradenton,FL
3239740800	3	1855	1912	2016	2021	64	-7	-3	5	17	0	0	0	0	0	20374	Houston,TX	Fayetteville,AR
3237753600	1	936	949	1037	1040	48	-1	-4	3	13	0	0	0	0	0	20374	Grand Rapids,MI	Cleveland,OH
3239395200	6	651	701	811	818	70	18	-4	7	10	0	0	18	0	0	20374	Syracuse,NY	Newark,NJ
3239395200	6	911	924	1006	1010	42	-5	-4	4	13	0	0	0	0	0	20374	Cleveland,OH	Grand Rapids,MI
3238358400	1	1329	1344	1438	1441	54	-21	-3	3	15	0	0	0	0	0	20374	Houston,TX	Jackson/Vicksburg,MS
3239827200	4	1245	1308	1401	1406	53	11	5	5	23	0	0	0	0	0	20374	Newark,NJ	Norfolk,VA
3238099200	5	1313	1336	1437	1445	61	-10	-10	8	23	0	0	0	0	0	20374	Manchester,NH	Newark,NJ
3238963200	1	1433	1444	1527	1541	43	-4	-7	14	11	0	0	0	0	0	20374	Indianapolis,IN	Cleveland,OH
3237667200	7	1637	1649	1755	1809	66	-1	-8	14	12	0	0	0	0	0	20374	Buffalo,NY	Newark,NJ
3237408000	4	1529	1551	1732	1744	101	-16	-1	12	22	0	0	0	0	0	20374	Newark,NJ	Savannah,GA
3238790400	6	1745	1806	1855	1900	49	22	35	5	21	22	0	0	0	0	20374	Newark,NJ	Buffalo,NY
3239136000	3	2221	2232	2328	2334	56	146	161	6	11	0	146	0	0	0	20374	Houston,TX	Little Rock,AR
3237926400	3	727	742	843	847	61	-16	-8	4	15	0	0	0	0	0	20374	Houston,TX	Oklahoma City,OK
3239308800	5	842	928	1131	1136	183	-1	2	5	46	0	0	0	0	0	20374	Newark,NJ	Oklahoma City,OK
3239222400	4	1355	1427	1615	1625	48	117	105	10	32	0	0	14	0	103	20374	Chicago,IL	Cleveland,OH
3238272000	7	1250	1300	1352	1401	112	-13	-5	9	10	0	0	0	0	0	20374	Jacksonville,FL	Houston,TX
3238790400	6	1508	1523	1627	1642	64	3	-2	15	15	0	0	0	0	0	20374	Oklahoma City,OK	Houston,TX
3238444800	2	1357	1416	1525	1531	129	-6	2	6	19	0	0	0	0	0	20374	Newark,NJ	St. Louis,MO
3237235200	2	545	606	808	814	122	0	0	6	21	0	0	0	0	0	20378	Eugene,OR	Phoenix,AZ
3237235200	2	820	832	933	939	61	-11	0	6	12	0	0	0	0	0	20378	Washington,DC	Detroit,MI
3237321600	3	1807	1830	2040	2045	70	0	0	5	23	0	0	0	0	0	20378	Phoenix,AZ	Salt Lake City,UT
3237580800	6	805	812	852	857	40	-18	-11	5	7	0	0	0	0	0	20378	Cedar Rapids/Iowa City,IA	Chicago,IL
3237580800	6	1220	1227	1256	1305	89	-12	-5	9	7	0	0	0	0	0	20378	Rochester,NY	Chicago,IL
3237667200	7	1435	1448	1509	1512	21	7	5	3	13	0	0	0	0	0	20378	Honolulu,HI	Kahului,HI
3237667200	7	1900	1918	2003	2008	45	-32	-5	5	18	0	0	0	0	0	20378	Washington,DC	New York,NY
3237840000	2	1354	1401	1438	1444	37	-26	-15	6	7	0	0	0	0	0	20378	Aspen,CO	Denver,CO
3237840000	2	846	908	933	948	25	-6	0	15	22	0	0	0	0	0	20378	Phoenix,AZ	Yuma,AZ
3237926400	3	800	832	918	920	46	36	21	2	32	36	0	0	0	0	20378	Charlotte,NC	Norfolk,VA
3237926400	3	955	1058	1140	1145	42	19	-5	5	63	0	0	19	0	0	20378	New York,NY	Washington,DC
3238012800	4	1327	1335	1457	1500	82	-10	0	3	8	0	0	0	0	0	20378	Sarasota/Bradenton,FL	Charlotte,NC
3238099200	5	1825	1844	1916	1925	32	56	65	9	19	0	0	0	0	56	20378	Washington,DC	Pittsburgh,PA
3238099200	5	1825	1837	1905	1910	28	0	-5	5	12	0	0	0	0	0	20378	Kona,HI	Honolulu,HI
3238185600	6	1235	1255	1513	1517	78	2	0	4	20	0	0	0	0	0	20378	Memphis,TN	Charlotte,NC
3238185600	6	1625	1635	1740	1745	65	-9	-5	5	10	0	0	0	0	0	20378	Phoenix,AZ	Indio/Palm Springs,CA
3238272000	7	1452	1500	1535	1537	35	198	216	2	8	198	0	0	0	0	20378	Washington,DC	Norfolk,VA
3238272000	7	1825	1842	1910	1915	28	5	-5	5	17	0	0	0	0	0	20378	Kona,HI	Honolulu,HI
3238444800	2	1708	1736	1846	1850	70	5	14	4	28	0	0	0	0	0	20378	Washington,DC	Savannah,GA
3238444800	2	1940	1950	2041	2053	51	-13	-10	12	10	0	0	0	0	0	20378	Santa Ana,CA	Phoenix,AZ
3238531200	3	1430	1450	1549	1553	59	-4	-3	4	20	0	0	0	0	0	20378	Denver,CO	Durango,CO
3238617600	4	1720	1742	1817	1826	35	-3	0	9	22	0	0	0	0	0	20378	Washington,DC	Pittsburgh,PA
3238704000	5	5	30	105	115	35	10	12	10	25	0	0	0	0	0	20378	Las Vegas,NV	Bakersfield,CA
3238790400	6	1450	1459	1451	1500	112	-15	-5	9	9	0	0	0	0	0	20378	Austin,TX	Phoenix,AZ
3238790400	6	802	821	855	906	34	-9	-14	11	19	0	0	0	0	0	20378	Cedar Rapids/Iowa City,IA	Chicago,IL
3238790400	6	50	104	45	52	101	94	131	7	14	0	0	0	0	94	20378	Oklahoma City,OK	Las Vegas,NV
3238790400	6	910	922	1150	1153	88	-5	0	3	12	0	0	0	0	0	20378	Chicago,IL	Greenville/Spartanburg,SC
3238876800	7	1741	1801	1841	1845	40	5	-1	4	20	0	0	0	0	0	20378	Aspen,CO	Denver,CO
3238876800	7	1450	1459	1627	1633	88	26	26	6	9	26	0	0	0	0	20378	Portland,ME	Washington,DC
3239049600	2	2055	2110	2245	2250	95	76	95	5	15	0	0	0	0	76	20378	Charlotte,NC	Portland,ME
3239049600	2	1359	1407	1515	1520	68	-30	-10	5	8	0	0	0	0	0	20378	Lincoln,NE	Chicago,IL
3239136000	3	1317	1331	1353	1357	22	-7	-4	4	14	0	0	0	0	0	20378	Denver,CO	Colorado Springs,CO
3239136000	3	2001	2023	2123	2126	60	-16	-4	3	22	0	0	0	0	0	20378	Washington,DC	Boston,MA
3239136000	3	2200	2220	2321	2324	61	24	29	3	20	0	0	0	0	24	20378	Washington,DC	Columbia,SC
3239136000	3	1825	1832	1934	1945	62	-14	-10	11	7	0	0	0	0	0	20378	Long Beach,CA	Phoenix,AZ
3239395200	6	1030	1058	1300	1310	62	75	75	10	28	0	0	0	0	75	20378	Chicago,IL	Rochester,NY
3239395200	6	1140	1150	1240	1245	50	-14	-5	5	10	0	0	0	0	0	20378	Phoenix,AZ	San Diego,CA
3239481600	7	2148	2157	2220	2226	23	-6	0	6	9	0	0	0	0	0	20378	Phoenix,AZ	Tucson,AZ
3239568000	1	820	832	940	945	68	-12	0	5	12	0	0	0	0	0	20378	Chicago,IL	Sioux Falls,SD
3239654400	2	1030	1048	1124	1135	36	-4	-7	11	18	0	0	0	0	0	20378	Pittsburgh,PA	Washington,DC
3239654400	2	1225	1244	1311	1321	87	4	0	10	19	0	0	0	0	0	20378	Rochester,NY	Chicago,IL
3239740800	3	2130	2136	2201	2205	85	16	25	4	6	0	0	0	0	16	20378	El Paso,TX	Las Vegas,NV
3239740800	3	1918	1935	2018	2025	43	6	-2	7	17	0	0	0	0	0	20378	Flagstaff,AZ	Phoenix,AZ
