Date	Price Apple	Apple Return	Market Return	Treasury Bill	Inflation (CPI)	Apple Excess Return	Market Excess Return
19900131	34	-0.035461	-0.070115	0.005852	0.010309	-0.041313	-0.075967
19900228	34	0.003235	0.014901	0.005818	0.00471	-0.002583	0.009083
19900330	40.25	0.183824	0.02414	0.00638	0.005469	0.177444	0.01776
19900430	39.375	-0.021739	-0.028286	0.006829	0.001554	-0.028568	-0.035115
19900531	41.25	0.050413	0.088936	0.006404	0.002327	0.044009	0.082532
19900629	44.75	0.084848	-0.004196	0.005898	0.005418	0.07895	-0.010094
19900731	42	-0.061453	-0.009405	0.006704	0.003849	-0.068157	-0.016109
19900831	37	-0.116429	-0.091896	0.006154	0.009202	-0.122583	-0.09805
19900928	29	-0.216216	-0.053843	0.005984	0.008359	-0.2222	-0.059827
19901031	30.75	0.060345	-0.012504	0.006559	0.006029	0.053786	-0.019063
19901130	36.75	0.199024	0.065744	0.005651	0.002247	0.193373	0.060093
19901231	43	0.170068	0.029513	0.005989	0	0.164079	0.023524
19910131	55.5	0.290698	0.049078	0.004637	0.005979	0.286061	0.044441
19910228	57.25	0.033694	0.075847	0.004767	0.001486	0.028927	0.07108
19910328	68	0.187773	0.028923	0.004391	0.001484	0.183382	0.024532
19910430	55	-0.191176	0.003322	0.005335	0.001481	-0.196511	-0.002013
19910531	47	-0.143273	0.040732	0.004461	0.002959	-0.147734	0.036271
19910628	41.5	-0.117021	-0.044029	0.004171	0.00295	-0.121192	-0.0482
19910731	46.25	0.114458	0.046795	0.00484	0.001471	0.109618	0.041955
19910830	53	0.148541	0.026819	0.00461	0.002937	0.143931	0.022209
19910930	49.5	-0.066038	-0.010975	0.004558	0.004392	-0.070596	-0.015533
19911031	51.5	0.040404	0.017789	0.004246	0.001458	0.036158	0.013543
19911129	50.75	-0.012233	-0.037275	0.003915	0.002911	-0.016148	-0.04119
19911231	56.375	0.110837	0.106778	0.003792	0.000726	0.107045	0.102986
19920131	64.75	0.148559	-0.001182	0.003059	0.00145	0.1455	-0.004241
19920228	67.5	0.044324	0.013354	0.002828	0.003621	0.041496	0.010526
19920331	58.25	-0.137037	-0.0237	0.003376	0.005051	-0.140413	-0.027076
19920430	60.125	0.032189	0.013419	0.003303	0.001436	0.028886	0.010116
19920529	59.75	-0.006237	0.006439	0.002758	0.001434	-0.008995	0.003681
19920630	48	-0.194644	-0.019287	0.003201	0.003579	-0.197845	-0.022488
19920731	46.75	-0.026042	0.0399	0.002892	0.00214	-0.028934	0.037008
19920831	46	-0.013476	-0.02082	0.002605	0.002847	-0.016081	-0.023425
19920930	45.125	-0.019022	0.012447	0.002573	0.002839	-0.021595	0.009874
19921030	52.5	0.163435	0.010986	0.002286	0.003539	0.161149	0.0087
19921130	57.5	0.097524	0.040193	0.002346	0.00141	0.095178	0.037847
19921231	59.75	0.03913	0.017768	0.00227	-0.000704	0.03686	0.015498
19930129	59.5	-0.004184	0.012643	0.002335	0.004933	-0.006519	0.010308
19930226	53	-0.107227	0.005402	0.002209	0.003506	-0.109436	0.003193
19930331	51.5	-0.028302	0.025116	0.002538	0.003494	-0.03084	0.022578
19930430	51.25	-0.004854	-0.0254	0.002372	0.002786	-0.007226	-0.027772
19930528	56.625	0.10722	0.029598	0.002168	0.001389	0.105052	0.02743
19930630	39.5	-0.302428	0.00544	0.002756	0.001387	-0.305184	0.002684
19930730	27.75	-0.297468	-0.000795	0.002402	0	-0.29987	-0.003197
19930831	26.5	-0.040721	0.039479	0.00253	0.00277	-0.043251	0.036949
19930930	23.375	-0.117925	0.000641	0.002356	0.002072	-0.120281	-0.001715
19931029	30.75	0.315508	0.018064	0.00221	0.004135	0.313298	0.015854
19931130	31.5	0.028293	-0.017606	0.002477	0.000686	0.025816	-0.020083
19931231	29.25	-0.071429	0.019513	0.002263	0	-0.073692	0.01725
19940131	32.75	0.119658	0.031466	0.002503	0.002743	0.117155	0.028963
19940228	36.5	0.118168	-0.024224	0.00212	0.00342	0.116048	-0.026344
19940331	33.25	-0.089041	-0.045795	0.002469	0.003408	-0.09151	-0.048264
19940429	30	-0.097744	0.009478	0.002711	0.001359	-0.100455	0.006767
19940531	29.25	-0.021	0.00936	0.00315	0.000678	-0.02415	0.00621
19940630	26.5	-0.094017	-0.027909	0.003118	0.00339	-0.097135	-0.031027
19940729	33.6875	0.271226	0.030633	0.002751	0.002703	0.268475	0.027882
19940831	36.1875	0.077774	0.042597	0.003687	0.004043	0.074087	0.03891
19940930	33.6875	-0.069085	-0.018363	0.003659	0.002685	-0.072744	-0.022022
19941031	43.1875	0.282004	0.01452	0.00384	0.000669	0.278164	0.01068
19941130	37.25	-0.134703	-0.037219	0.003691	0.001338	-0.138394	-0.04091
19941230	39	0.04698	0.012609	0.00443	0	0.04255	0.008179
19950131	40.375	0.035256	0.020399	0.004156	0.004008	0.0311	0.016243
19950228	39.5	-0.0187	0.039615	0.003983	0.003992	-0.022683	0.035632
19950331	35.25	-0.107595	0.027041	0.004134	0.003313	-0.111729	0.022907
19950428	38.25	0.085106	0.025048	0.00445	0.003303	0.080656	0.020598
19950531	41.5625	0.089739	0.034007	0.005355	0.001975	0.084384	0.028652
19950630	46.4375	0.117293	0.031173	0.004714	0.001971	0.112579	0.026459
19950731	45	-0.030956	0.040783	0.004522	0	-0.035478	0.036261
19950831	43	-0.041778	0.009305	0.004637	0.002623	-0.046415	0.004668
19950929	37.25	-0.133721	0.036362	0.004309	0.001962	-0.13803	0.032053
19951031	36.3125	-0.025168	-0.011317	0.004714	0.003264	-0.029882	-0.016031
19951130	38.125	0.053219	0.042708	0.004108	-0.000651	0.049111	0.0386
19951229	31.875	-0.163934	0.015191	0.004882	-0.000651	-0.168816	0.010309
19960131	27.625	-0.133333	0.028144	0.004278	0.005863	-0.137611	0.023866
19960229	27.5	-0.004525	0.01631	0.003908	0.003238	-0.008433	0.012402
19960329	24.5625	-0.106818	0.010927	0.003943	0.005165	-0.110761	0.006984
19960430	24.375	-0.007634	0.025511	0.004579	0.003854	-0.012213	0.020932
19960531	26.125	0.071795	0.0268	0.003982	0.001919	0.067813	0.022818
19960628	21	-0.196172	-0.008298	0.004	0.000639	-0.200172	-0.012298
19960731	22	0.047619	-0.053819	0.004497	0.001914	0.043122	-0.058316
19960830	24.25	0.102273	0.032463	0.004122	0.001911	0.098151	0.028341
19960930	22.1875	-0.085052	0.053015	0.004375	0.003179	-0.089427	0.04864
19961031	23	0.03662	0.013632	0.004246	0.003169	0.032374	0.009386
19961129	24.125	0.048913	0.065502	0.003941	0.001895	0.044972	0.061561
19961231	20.875	-0.134715	-0.011358	0.004404	0	-0.139119	-0.015762
19970131	16.625	-0.203593	0.053449	0.004014	0.003153	-0.207607	0.049435
19970228	16.25	-0.022556	-0.001144	0.003788	0.003143	-0.026344	-0.004932
19970331	18.25	0.123077	-0.04482	0.00431	0.002506	0.118767	-0.04913
19970430	17	-0.068493	0.042303	0.004313	0.00125	-0.072806	0.03799
19970530	16.625	-0.022059	0.071624	0.004263	-0.000624	-0.026322	0.067361
19970630	14.25	-0.142857	0.044145	0.003744	0.001249	-0.146601	0.040401
19970731	17.5	0.22807	0.076502	0.004294	0.001248	0.223776	0.072208
19970829	21.75	0.242857	-0.036267	0.004058	0.001869	0.238799	-0.040325
19970930	21.6875	-0.002874	0.058433	0.004576	0.002488	-0.00745	0.053857
19971031	17.03125	-0.214697	-0.034528	0.003911	0.002481	-0.218608	-0.038439
19971128	17.75	0.042202	0.030459	0.003773	-0.000619	0.038429	0.026686
19971231	13.125	-0.260563	0.017772	0.004629	-0.001238	-0.265192	0.013143
19980130	18.3125	0.395238	0.004529	0.004204	0.00186	0.391034	0.000325
19980227	23.625	0.290102	0.07323	0.003847	0.001856	0.286255	0.069383
19980331	27.5	0.164021	0.051324	0.004485	0.001853	0.159536	0.046839
19980430	27.375	-0.004545	0.010862	0.004308	0.00185	-0.008853	0.006554
19980529	26.625	-0.027397	-0.025755	0.003805	0.001846	-0.031202	-0.02956
19980630	28.6875	0.077465	0.031955	0.004021	0.001229	0.073444	0.027934
19980731	34.625	0.206972	-0.023264	0.003873	0.001227	0.203099	-0.027137
19980831	31.1875	-0.099278	-0.157666	0.004012	0.001225	-0.10329	-0.161678
19980930	38.125	0.222445	0.063835	0.003875	0.001224	0.21857	0.05996
19981030	37.125	-0.02623	0.074357	0.003353	0.002445	-0.029583	0.071004
19981130	31.9375	-0.139731	0.061985	0.003233	0	-0.142964	0.058752
19981231	40.9375	0.2818	0.063054	0.003779	-0.00061	0.278021	0.059275
19990129	41.1875	0.006107	0.038345	0.003494	0.002441	0.002613	0.034851
19990226	34.8125	-0.15478	-0.038105	0.003372	0.001217	-0.158152	-0.041477
19990331	35.9375	0.032316	0.037861	0.004076	0.00304	0.02824	0.033785
19990430	46	0.28	0.049	0.003784	0.007273	0.276216	0.045216
19990528	44.0625	-0.04212	-0.020721	0.003463	0	-0.045583	-0.024184
19990630	46.3125	0.051064	0.051021	0.004098	0	0.046966	0.046923
19990730	55.6875	0.202429	-0.030635	0.003658	0.003008	0.198771	-0.034293
19990831	65.25	0.171717	-0.009985	0.003876	0.0024	0.167841	-0.013861
19990930	63.3125	-0.029693	-0.022868	0.003705	0.004788	-0.033398	-0.026573
19991029	80.125	0.265548	0.062049	0.003581	0.001787	0.261967	0.058468
19991130	97.875	0.221529	0.036814	0.003811	0.000595	0.217718	0.033003
19991231	102.8125	0.050447	0.083721	0.003764	0	0.046683	0.079957
20000131	103.75	0.009119	-0.039588	0.004343	0.002971	0.004776	-0.043931
20000229	114.625	0.104819	0.031844	0.004295	0.005924	0.100524	0.027549
20000331	135.8125	0.184842	0.053523	0.004377	0.008245	0.180465	0.049146
20000428	124.0625	-0.086516	-0.059466	0.004595	0.000584	-0.091111	-0.064061
20000531	84	-0.322922	-0.039047	0.004782	0.001168	-0.327704	-0.043829
20000630	52.375	0.247024	0.05164	0.003744	0.005248	0.24328	0.047896
20000731	50.8125	-0.029833	-0.017106	0.004772	0.00232	-0.034605	-0.021878
20000831	60.9375	0.199262	0.075811	0.005002	0	0.19426	0.070809
20000929	25.75	-0.577436	-0.051138	0.005093	0.005208	-0.582529	-0.056231
20001031	19.5625	-0.240291	-0.024557	0.005217	0.001727	-0.245508	-0.029774
20001130	16.5	-0.15655	-0.102534	0.004966	0.000575	-0.161516	-0.1075
20001229	14.875	-0.098485	0.020299	0.004909	-0.000574	-0.103394	0.01539
20010131	21.625	0.453782	0.039524	0.005243	0.006322	0.448539	0.034281
20010228	18.25	-0.156069	-0.099267	0.003653	0.003998	-0.159722	-0.10292
20010330	22.07	0.209315	-0.070286	0.00432	0.002275	0.204995	-0.074606
20010430	25.49	0.154961	0.083911	0.003864	0.003973	0.151097	0.080047
20010531	19.95	-0.21734	0.010566	0.003183	0.004522	-0.220523	0.007383
20010629	23.25	0.165413	-0.017474	0.002778	0.001688	0.162635	-0.020252
20010731	18.79	-0.191828	-0.018316	0.002999	-0.002809	-0.194827	-0.021315
20010831	18.55	-0.012773	-0.059095	0.002996	0	-0.015769	-0.062091
20010928	15.51	-0.163881	-0.091543	0.00273	0.004507	-0.166611	-0.094273
20011031	17.56	0.132173	0.02797	0.002154	-0.003365	0.130019	0.025816
20011130	21.3	0.212984	0.078735	0.001749	-0.001688	0.211235	0.076986
20011231	21.9	0.028169	0.017844	0.001484	-0.003946	0.026685	0.01636
20020131	24.72	0.128767	-0.016046	0.00139	0.002264	0.127377	-0.017436
20020228	21.7	-0.122168	-0.021713	0.001285	0.003953	-0.123453	-0.022998
20020328	23.67	0.090783	0.044688	0.001341	0.005624	0.089442	0.043347
20020430	24.27	0.025349	-0.049654	0.001546	0.005593	0.023803	-0.0512
20020531	23.3	-0.039967	-0.010478	0.001442	0	-0.041409	-0.01192
20020628	17.72	-0.239485	-0.070251	0.001312	0.000556	-0.240797	-0.071563
20020731	15.26	-0.138826	-0.081135	0.001507	0.001112	-0.140333	-0.082642
20020830	14.75	-0.033421	0.007965	0.001402	0.003331	-0.034823	0.006563
20020930	14.5	-0.016949	-0.099965	0.001414	0.00166	-0.018363	-0.101379
20021031	16.07	0.108276	0.074926	0.001334	0.001657	0.106942	0.073592
20021129	15.5	-0.03547	0.061275	0.001166	0	-0.036636	0.060109
20021231	14.33	-0.075484	-0.053316	0.001079	-0.002206	-0.076563	-0.054395
20030131	14.36	0.002093	-0.023392	0.000934	0.004422	0.001159	-0.024326
20030228	15.01	0.045265	-0.01539	0.000871	0.007705	0.044394	-0.016261
20030331	14.14	-0.057961	0.010325	0.00102	0.006008	-0.058981	0.009305
20030430	14.22	0.005658	0.082762	0.000939	-0.002172	0.004719	0.081823
20030530	17.95	0.262307	0.063471	0.000903	-0.001632	0.261404	0.062568
20030630	19.06	0.061838	0.016335	0.000984	0.00109	0.060854	0.015351
20030731	21.08	0.105981	0.023112	0.000674	0.001089	0.105307	0.022438
20030829	22.61	0.072581	0.024966	0.000689	0.003806	0.071892	0.024277
20030930	20.72	-0.083591	-0.009112	0.000865	0.00325	-0.084456	-0.009977
20031031	22.89	0.10473	0.060318	0.0007	-0.00108	0.10403	0.059618
20031128	20.91	-0.086501	0.016594	0.000725	-0.002703	-0.087226	0.015869
20031231	21.37	0.021999	0.045528	0.000831	-0.001084	0.021168	0.044697
20040130	22.56	0.055685	0.023048	0.000696	0.004883	0.054989	0.022352
20040227	23.92	0.060284	0.015459	0.000623	0.0054	0.059661	0.014836
20040331	27.04	0.130435	-0.010694	0.000844	0.006445	0.129591	-0.011538
20040430	25.78	-0.046598	-0.024231	0.000795	0.003202	-0.047393	-0.025026
20040528	28.06	0.088441	0.014125	0.000603	0.005851	0.087838	0.013522
20040630	32.54	0.159658	0.021582	0.000817	0.003173	0.158841	0.020765
20040730	32.34	-0.006146	-0.037667	0.000919	-0.001581	-0.007065	-0.038586
20040831	34.49	0.066481	0.002713	0.001116	0.000528	0.065365	0.001597
20040930	38.75	0.123514	0.020546	0.001185	0.002111	0.122329	0.019361
20041029	52.4	0.352258	0.017805	0.001129	0.005266	0.351129	0.016676
20041130	67.05	0.27958	0.04821	0.001541	0.000524	0.278039	0.046669
20041231	64.4	-0.039523	0.035179	0.001672	-0.003665	-0.041195	0.033507
20050131	76.9	0.194099	-0.026556	0.001661	0.002102	0.192438	-0.028217
20050228	44.86	0.16671	0.022672	0.001641	0.005768	0.165069	0.021031
20050331	41.67	-0.07111	-0.016935	0.002123	0.007821	-0.073233	-0.019058
20050429	36.06	-0.134629	-0.025186	0.002072	0.006725	-0.136701	-0.027258
20050531	39.7593	0.102587	0.037955	0.002395	-0.001028	0.100192	0.03556
20050630	36.81	-0.074179	0.011534	0.002263	0.000514	-0.076442	0.009271
20050729	42.65	0.158653	0.043327	0.002383	0.004627	0.15627	0.040944
20050831	46.89	0.099414	-0.005946	0.00292	0.005118	0.096494	-0.008866
20050930	53.61	0.143314	0.010565	0.002848	0.01222	0.140466	0.007717
20051031	57.59	0.07424	-0.020801	0.002728	0.002012	0.071512	-0.023529
20051130	67.82	0.177635	0.040385	0.003045	-0.008032	0.17459	0.03734
20051230	71.89	0.060012	0.003455	0.00316	-0.004049	0.056852	0.000295
20060131	75.51	0.050355	0.040033	0.003488	0.007622	0.046867	0.036545
20060228	68.49	-0.092968	-0.00164	0.003322	0.002017	-0.09629	-0.004962
20060331	62.72	-0.084246	0.019055	0.003642	0.005536	-0.087888	0.015413
20060428	70.39	0.12229	0.012962	0.003559	0.008509	0.118731	0.009403
20060531	59.77	-0.150874	-0.031048	0.004195	0.004963	-0.155069	-0.035243
20060630	57.27	-0.041827	-0.000408	0.00397	0.001975	-0.045797	-0.004378
20060731	67.96	0.18666	-0.001904	0.003976	0.002957	0.182684	-0.00588
20060831	67.85	-0.001619	0.025061	0.004283	0.001966	-0.005902	0.020778
20060929	76.98	0.134562	0.019424	0.004047	-0.004904	0.130515	0.015377
20061031	81.08	0.053261	0.037126	0.004076	-0.005421	0.049185	0.03305
20061130	91.66	0.130488	0.023705	0.004243	-0.001487	0.126245	0.019462
20061229	84.84	-0.074405	0.010833	0.004036	0.001489	-0.078441	0.006797
20070131	85.73	0.01049	0.019428	0.004328	0.003053	0.006162	0.0151
20070228	84.61	-0.013064	-0.013957	0.003837	0.00535	-0.016901	-0.017794
20070330	92.91	0.098097	0.012949	0.004257	0.009106	0.09384	0.008692
20070430	99.8	0.074158	0.039821	0.004348	0.006496	0.06981	0.035473
20070531	121.191	0.214339	0.038932	0.004046	0.006111	0.210293	0.034886
20070629	122.04	0.007005	-0.014756	0.003918	0.001938	0.003087	-0.018674
20070731	131.75999	0.079646	-0.031756	0.003962	-0.000254	0.075684	-0.035718
20070831	138.48	0.051002	0.011656	0.004205	-0.001834	0.046797	0.007451
20070928	153.47	0.108247	0.04086	0.003347	0.002756	0.1049	0.037513
20071031	189.95	0.237701	0.025835	0.003212	0.002139	0.234489	0.022623
20071130	182.22	-0.040695	-0.049222	0.003395	0.00594	-0.04409	-0.052617
20071231	198.08	0.087038	-0.004419	0.002921	-0.000671	0.084117	-0.00734
20080131	135.36	-0.31664	-0.062151	0.00243	0.004971	-0.31907	-0.064581
20080229	125.02	-0.076389	-0.021653	0.001325	0.002904	-0.077714	-0.022978
20080331	143.5	0.147816	-0.01042	0.001869	0.008668	0.145947	-0.012289
20080430	173.95	0.212195	0.051105	0.001025	0.006065	0.21117	0.05008
20080530	188.75	0.085082	0.023843	0.000946	0.008421	0.084136	0.022897
20080630	167.44	-0.112901	-0.078434	0.00175	0.010077	-0.114651	-0.080184
20080731	158.95	-0.050705	-0.01333	0.00144	0.005251	-0.052145	-0.01477
20080829	169.53	0.066562	0.010564	0.001282	-0.003992	0.06528	0.009282
20080930	113.66	-0.329558	-0.098005	0.00153	-0.001383	-0.331088	-0.099535
20081031	107.59	-0.053405	-0.184603	0.000792	-0.010101	-0.054197	-0.185395
20081128	92.67	-0.138675	-0.084615	0.000228	-0.019153	-0.138903	-0.084843
20081231	85.35	-0.07899	0.022149	0.000029	-0.010342	-0.079019	0.02212
20090130	90.13	0.056005	-0.077332	0.000023	0.004352	0.055982	-0.077355
20090227	89.31	-0.009098	-0.100184	0.000147	0.004973	-0.009245	-0.100331
20090331	105.12	0.177024	0.086693	0.000159	0.002432	0.176865	0.086534
20090430	125.83	0.197013	0.109359	0.000125	0.002496	0.196888	0.109234
20090529	135.81	0.079313	0.067789	0.000017	0.002889	0.079296	0.067772
20090630	142.42999	0.048745	-0.003098	0.000075	0.00859	0.04867	-0.003173
20090731	163.39	0.14716	0.081718	0.000119	-0.001586	0.147041	0.081599
20090831	168.21001	0.0295	0.031466	0.000116	0.002243	0.029384	0.03135
20090930	185.35001	0.101896	0.045235	0.000079	0.000625	0.101817	0.045156
20091030	188.5	0.016995	-0.027998	0.00004	0.000963	0.016955	-0.028038
20091130	199.91	0.060531	0.057099	0.000004	0.000708	0.060527	0.057095
20091231	210.73199	0.054134	0.028419	0.000062	-0.001761	0.054072	0.028357
20100129	192.063	-0.088591	-0.037098	0.000028	0.003417	-0.088619	-0.037126
20100226	204.62	0.06538	0.034775	0.00001	0.000249	0.06537	0.034765
20100331	235	0.14847	0.063605	0.000068	0.004106	0.148402	0.063537
20100430	261.09	0.111021	0.020011	0.000111	0.001737	0.11091	0.0199
20100528	256.88	-0.016125	-0.079141	0.000112	0.000775	-0.016237	-0.079253
20100630	251.53	-0.020827	-0.050721	0.000127	-0.000976	-0.020954	-0.050848
20100730	257.25	0.022741	0.071554	0.000142	0.000211	0.022599	0.071412
20100831	243.10001	-0.055005	-0.042818	0.000126	0.001381	-0.055131	-0.042944
20100930	283.75	0.167215	0.091518	0.000125	0.000582	0.16709	0.091393
20101029	300.98001	0.060723	0.038532	0.000112	0.001245	0.060611	0.03842
20101130	311.14999	0.03379	0.005165	0.000114	0.000421	0.033676	0.005051
20101231	322.56	0.03667	0.067152	0.00014	0.001718	0.03653	0.067012
20110131	339.32001	0.051959	0.019157	0.000066	0.004763	0.051893	0.019091
20110228	353.20999	0.040935	0.038164	0.000122	0.004931	0.040813	0.038042
20110331	348.50751	-0.013314	0.003374	0.000067	0.009751	-0.013381	0.003307
20110429	350.13	0.004656	0.028689	0.000053	0.006439	0.004603	0.028636
20110531	347.82999	-0.006569	-0.014933	0.000013	0.004704	-0.006582	-0.014946
20110630	335.67001	-0.03496	-0.018395	0.000035	-0.001071	-0.034995	-0.01843
20110729	390.48001	0.163285	-0.02247	-0.000028	0.000886	0.163313	-0.022442
20110831	384.82999	-0.014469	-0.057471	0.000083	0.002758	-0.014552	-0.057554
20110930	381.32001	-0.009121	-0.084873	-0.000001	-0.00029	-0.00912	-0.084872
20111031	404.78	0.061523	0.113984	0.000014	0.00092	0.061509	0.11397
20111130	382.20001	-0.055783	-0.006225	0.000004	0.00001	-0.055787	-0.006229
20111230	405	0.059655	0.003701	0	0.00208	0.059655	0.003701
